2412.21206
2412.21117
2412.21079
2412.21063
2412.21059
2412.21044
2412.20901
2412.20895
2412.20875
2412.20800
2412.20720
2412.20645
2412.20596
2412.20522
2412.20506
2412.20504
2412.20473
2412.20470
2412.20422
2412.20413
2412.20404
2412.20386
2412.20206
2412.20157
2412.20104
2412.20066
2412.20056
2412.19978
2412.19920
2412.19853
2412.19761
2412.19712
2412.19663
2412.19645
2412.19637
2412.19628
2412.19584
2412.19533
2412.19531
2412.19518
2412.19483
2412.19412
2412.19331
2412.19326
2412.19304
2412.19303
2412.19293
2412.19282
2412.19225
2412.19142
2412.19130
2412.19089
2412.18945
2412.18862
2412.18810
2412.18806
2412.18688
2412.18675
2412.18653
2412.18619
2412.18609
2412.18608
2412.18604
2412.18600
2412.18597
2412.18596
2412.18565
2412.18525
2412.18450
2412.18404
2412.18390
2412.18386
2412.18273
2412.18185
2412.18153
2412.18150
2412.18149
2412.18123
2412.17812
2412.17811
2412.17810
2412.17808
2412.17807
2412.17806
2412.17805
2412.17804
2412.17800
2412.17769
2412.17762
2412.17759
2412.17741
2412.17726
2412.17715
2412.17644
2412.17635
2412.17628
2412.17612
2412.17610
2412.17566
2412.17561
2412.17532
2412.17417
2412.17378
2412.17366
2412.17254
2412.17219
2412.17162
2412.17098
2412.16978
2412.16932
2412.16919
2412.16915
2412.16832
2412.16822
2412.16809
2412.16778
2412.16776
2412.16737
2412.16717
2412.16677
2412.16604
2412.16602
2412.16553
2412.16552
2412.16495
2412.16467
2412.16334
2412.16326
2412.16257
2412.16212
2412.16211
2412.16156
2412.16155
2412.16153
2412.16146
2412.16117
2412.16112
2412.16039
2412.16028
2412.15867
2412.15798
2412.15689
2412.15677
2412.15646
2412.15618
2412.15550
2412.15491
2412.15447
2412.15400
2412.15396
2412.15322
2412.15321
2412.15320
2412.15278
2412.15216
2412.15215
2412.15214
2412.15213
2412.15212
2412.15211
2412.15209
2412.15205
2412.15200
2412.15199
2412.15195
2412.15191
2412.15188
2412.15185
2412.15171
2412.15159
2412.15156
2412.15129
2412.15119
2412.15050
2412.15032
2412.14963
2412.14902
2412.14847
2412.14835
2412.14706
2412.14633
2412.14628
2412.14580
2412.14579
2412.14568
2412.14559
2412.14531
2412.14496
2412.14484
2412.14465
2412.14462
2412.14453
2412.14444
2412.14432
2412.14418
2412.14295
2412.14294
2412.14283
2412.14233
2412.14214
2412.14173
2412.14172
2412.14171
2412.14170
2412.14169
2412.14168
2412.14167
2412.14164
2412.14158
2412.14148
2412.14015
2412.14006
2412.13871
2412.13772
2412.13735
2412.13734
2412.13654
2412.13652
2412.13569
2412.13565
2412.13552
2412.13547
2412.13479
2412.13441
2412.13393
2412.13389
2412.13303
2412.13244
2412.13196
2412.13195
2412.13193
2412.13190
2412.13188
2412.13187
2412.13185
2412.13183
2412.13180
2412.13155
2412.13111
2412.13081
2412.13061
2412.12974
2412.12906
2412.12888
2412.12877
2412.12849
2412.12772
2412.12740
2412.12734
2412.12606
2412.12594
2412.12561
2412.12507
2412.12496
2412.12444
2412.12423
2412.12392
2412.12391
2412.12359
2412.12242
2412.12223
2412.12153
2412.12096
2412.12095
2412.12093
2412.12091
2412.12087
2412.12083
2412.12048
2412.11972
2412.11892
2412.11890
2412.11863
2412.11815
2412.11785
2412.11762
2412.11755
2412.11752
2412.11710
2412.11673
2412.11638
2412.11609
2412.11596
2412.11594
2412.11586
2412.11576
2412.11549
2412.11525
2412.11520
2412.11513
2412.11475
2412.11464
2412.11457
2412.11435
2412.11423
2412.11279
2412.11258
2412.11224
2412.11211
2412.11193
2412.11183
2412.11170
2412.11152
2412.11102
2412.11100
2412.11076
2412.11023
2412.10972
2412.10958
2412.10925
2412.10891
2412.10783
2412.10730
2412.10718
2412.10707
2412.10604
2412.10594
2412.10589
2412.10566
2412.10533
2412.10493
2412.10443
2412.10437
2412.10433
2412.10373
2412.10362
2412.10360
2412.10338
2412.10316
2412.10308
2412.10292
2412.10275
2412.10273
2412.10231
2412.10209
2412.10193
2412.10153
2412.10049
2412.09997
2412.09991
2412.09982
2412.09966
2412.09960
2412.09912
2412.09868
2412.09856
2412.09844
2412.09828
2412.09822
2412.09754
2412.09706
2412.09694
2412.09680
2412.09648
2412.09626
2412.09625
2412.09624
2412.09623
2412.09622
2412.09621
2412.09619
2412.09618
2412.09613
2412.09612
2412.09611
2412.09608
2412.09607
2412.09606
2412.09604
2412.09600
2412.09597
2412.09593
2412.09585
2412.09573
2412.09548
2412.09545
2412.09511
2412.09492
2412.09465
2412.09401
2412.09389
2412.09388
2412.09349
2412.09329
2412.09283
2412.09191
2412.09169
2412.09122
2412.09043
2412.09013
2412.09008
2412.08976
2412.08948
2412.08871
2412.08802
2412.08781
2412.08685
2412.08684
2412.08647
2412.08646
2412.08645
2412.08641
2412.08640
2412.08637
2412.08635
2412.08629
2412.08614
2412.08580
2412.08573
2412.08524
2412.08504
2412.08503
2412.08486
2412.08443
2412.08412
2412.08410
2412.08388
2412.08376
2412.08331
2412.08221
2412.08197
2412.08175
2412.08152
2412.08139
2412.08101
2412.07984
2412.07825
2412.07797
2412.07776
2412.07775
2412.07774
2412.07772
2412.07767
2412.07766
2412.07760
2412.07759
2412.07755
2412.07750
2412.07746
2412.07744
2412.07739
2412.07730
2412.07721
2412.07720
2412.07696
2412.07679
2412.07674
2412.07660
2412.07658
2412.07608
2412.07589
2412.07583
2412.07534
2412.07517
2412.07494
2412.07481
2412.07375
2412.07371
2412.07249
2412.07152
2412.07147
2412.07140
2412.07112
2412.07081
2412.07072
2412.07049
2412.06981
2412.06978
2412.06974
2412.06787
2412.06780
2412.06777
2412.06774
2412.06767
2412.06699
2412.06698
2412.06673
2412.06661
2412.06592
2412.06578
2412.06424
2412.06403
2412.06334
2412.06329
2412.06299
2412.06295
2412.06292
2412.06286
2412.06273
2412.06264
2412.06263
2412.06244
2412.06234
2412.06201
2412.06163
2412.06143
2412.06089
2412.06029
2412.06028
2412.06016
2412.06014
2412.05980
2412.05961
2412.05929
2412.05926
2412.05908
2412.05848
2412.05827
2412.05826
2412.05819
2412.05796
2412.05781
2412.05628
2412.05548
2412.05538
2412.05488
2412.05355
2412.05280
2412.05279
2412.05278
2412.05275
2412.05274
2412.05270
2412.05268
2412.05265
2412.05263
2412.05179
2412.05161
2412.05148
2412.05101
2412.05043
2412.05003
2412.04955
2412.04930
2412.04915
2412.04887
2412.04852
2412.04827
2412.04826
2412.04814
2412.04715
2412.04680
2412.04653
2412.04533
2412.04508
2412.04471
2412.04470
2412.04469
2412.04465
2412.04464
2412.04463
2412.04462
2412.04460
2412.04459
2412.04458
2412.04457
2412.04452
2412.04448
2412.04446
2412.04440
2412.04434
2412.04433
2412.04432
2412.04431
2412.04424
2412.04383
2412.04380
2412.04378
2412.04343
2412.04332
2412.04280
2412.04243
2412.04234
2412.04189
2412.04146
2412.04120
2412.04086
2412.04077
2412.04062
2412.03941
2412.03937
2412.03934
2412.03910
2412.03895
2412.03889
2412.03871
2412.03859
2412.03844
2412.03812
2412.03791
2412.03632
2412.03603
2412.03572
2412.03571
2412.03570
2412.03566
2412.03565
2412.03561
2412.03558
2412.03555
2412.03552
2412.03548
2412.03517
2412.03515
2412.03512
2412.03473
2412.03451
2412.03439
2412.03428
2412.03378
2412.03371
2412.03347
2412.03261
2412.03255
2412.03178
2412.03177
2412.03150
2412.03085
2412.03079
2412.03077
2412.03069
2412.03021
2412.03002
2412.02962
2412.02929
2412.02912
2412.02852
2412.02759
2412.02700
2412.02693
2412.02692
2412.02690
2412.02687
2412.02684
2412.02632
2412.02631
2412.02627
2412.02542
2412.02508
2412.02421
2412.02336
2412.02287
2412.02259
2412.02254
2412.02245
2412.02241
2412.02237
2412.02225
2412.02202
2412.02168
2412.02142
2412.02114
2412.02099
2412.02071
2412.02030
2412.01987
2412.01931
2412.01827
2412.01824
2412.01823
2412.01822
2412.01821
2412.01820
2412.01819
2412.01807
2412.01801
2412.01800
2412.01794
2412.01792
2412.01718
2412.01618
2412.01615
2412.01583
2412.01539
2412.01537
2412.01506
2412.01485
2412.01440
2412.01430
2412.01429
2412.01427
2412.01422
2412.01402
2412.01339
2412.01316
2412.01292
2412.01254
2412.01244
2412.01243
2412.01240
2412.01199
2412.01197
2412.01169
2412.01160
2412.01106
2412.01064
2412.01027
2412.00905
2412.00882
2412.00876
2412.00851
2412.00782
2412.00759
2412.00733
2412.00686
2412.00682
2412.00671
2412.00623
2412.00596
2412.00580
2412.00578
2412.00557
2412.00518
2412.00493
2412.00427
2412.00397
2412.00357
2412.00333
2412.00306
2412.00177
2412.00176
2412.00174
2412.00156
2412.00155
2412.00153
2412.00148
2412.00142
2412.00131
2412.00127
2412.00115
2412.00100
2412.00091
2411.19942
2411.19939
2411.19930
2411.19895
2411.19824
2411.19786
2411.19774
2411.19756
2411.19715
2411.19654
2411.19652
2411.19548
2411.19534
2411.19528
2411.19527
2411.19492
2411.19460
2411.19459
2411.19458
2411.19454
2411.19417
2411.19415
2411.19390
2411.19381
2411.19331
2411.19324
2411.19290
2411.19278
2411.19261
2411.19235
2411.19233
2411.19189
2411.19182
2411.19167
2411.19162
2411.19161
2411.19156
2411.19108
2411.19083
2411.19067
2411.19050
2411.19041
2411.19037
2411.18983
2411.18936
2411.18933
2411.18929
2411.18866
2411.18824
2411.18810
2411.18808
2411.18677
2411.18673
2411.18671
2411.18668
2411.18665
2411.18664
2411.18660
2411.18650
2411.18644
2411.18624
2411.18616
2411.18552
2411.18548
2411.18499
2411.18479
2411.18473
2411.18447
2411.18412
2411.18388
2411.18363
2411.18350
2411.18311
2411.18301
2411.18293
2411.18281
2411.18263
2411.18197
2411.18159
2411.18111
2411.18109
2411.18092
2411.18072
2411.18066
2411.17982
2411.17957
2411.17864
2411.17786
2411.17772
2411.17769
2411.17765
2411.17763
2411.17746
2411.17605
2411.17515
2411.17474
2411.17423
2411.17392
2411.17385
2411.17323
2411.17261
2411.17249
2411.17240
2411.17235
2411.17223
2411.17221
2411.17214
2411.17189
2411.17178
2411.17176
2411.17163
2411.17150
2411.17066
2411.17061
2411.17048
2411.17044
2411.17041
2411.17017
2411.16877
2411.16833
2411.16832
2411.16828
2411.16820
2411.16815
2411.16801
2411.16800
2411.16783
2411.16781
2411.16779
2411.16768
2411.16761
2411.16758
2411.16750
2411.16749
2411.16738
2411.16725
2411.16720
2411.16718
2411.16713
2411.16681
2411.16680
2411.16657
2411.16619
2411.16602
2411.16575
2411.16481
2411.16443
2411.16392
2411.16375
2411.16319
2411.16318
2411.16253
2411.16199
2411.16185
2411.16171
2411.16157
2411.16087
2411.16082
2411.16080
2411.16076
2411.16053
2411.16034
2411.15941
2411.15869
2411.15867
2411.15851
2411.15843
2411.15779
2411.15746
2411.15738
2411.15732
2411.15723
2411.15706
2411.15657
2411.15633
2411.15604
2411.15580
2411.15551
2411.15540
2411.15468
2411.15466
2411.15459
2411.15447
2411.15435
2411.15393
2411.15355
2411.15288
2411.15277
2411.15269
2411.15262
2411.15260
2411.15247
2411.15245
2411.15244
2411.15236
2411.15138
2411.15115
2411.15113
2411.15099
2411.15098
2411.15087
2411.15034
2411.14982
2411.14974
2411.14959
2411.14951
2411.14871
2411.14863
2411.14847
2411.14823
2411.14808
2411.14794
2411.14793
2411.14786
2411.14762
2411.14740
2411.14723
2411.14715
2411.14521
2411.14514
2411.14432
2411.14430
2411.14429
2411.14423
2411.14402
2411.14401
2411.14384
2411.14347
2411.14295
2411.14280
2411.14228
2411.14208
2411.14179
2411.14169
2411.14125
2411.14062
2411.14053
2411.13982
2411.13981
2411.13975
2411.13949
2411.13927
2411.13918
2411.13909
2411.13901
2411.13842
2411.13836
2411.13807
2411.13794
2411.13753
2411.13620
2411.13609
2411.13552
2411.13549
2411.13548
2411.13536
2411.13525
2411.13503
2411.13383
2411.13317
2411.13291
2411.13281
2411.13150
2411.13144
2411.13136
2411.13076
2411.13019
2411.12951
2411.12858
2411.12791
2411.12789
2411.12788
2411.12773
2411.12663
2411.12592
2411.12452
2411.12440
2411.12306
2411.12168
2411.12089
2411.12044
2411.12002
2411.11941
2411.11927
2411.11925
2411.11922
2411.11921
2411.11919
2411.11906
2411.11903
2411.11845
2411.11843
2411.11727
2411.11717
2411.11688
2411.11514
2411.11505
2411.11496
2411.11475
2411.11466
2411.11374
2411.11363
2411.11252
2411.11231
2411.11066
2411.11045
2411.11024
2411.10958
2411.10947
2411.10932
2411.10922
2411.10913
2411.10886
2411.10836
2411.10825
2411.10803
2411.10800
2411.10781
2411.10745
2411.10722
2411.10582
2411.10510
2411.10508
2411.10504
2411.10503
2411.10501
2411.10499
2411.10495
2411.10433
2411.10369
2411.10334
2411.10332
2411.10309
2411.10275
2411.10261
2411.10257
2411.10251
2411.10232
2411.10187
2411.10180
2411.10161
2411.10133
2411.10130
2411.10086
2411.10061
2411.09998
2411.09955
2411.09952
2411.09911
2411.09858
2411.09703
2411.09595
2411.09502
2411.09449
2411.09435
2411.09263
2411.09259
2411.09219
2411.09209
2411.09145
2411.09009
2411.08879
2411.08666
2411.08656
2411.08508
2411.08470
2411.08380
2411.08328
2411.08279
2411.08127
2411.08034
2411.08033
2411.08017
2411.07975
2411.07795
2411.07765
2411.07635
2411.07627
2411.07625
2411.07579
2411.07541
2411.07478
2411.07472
2411.07462
2411.07461
2411.07232
2411.07231
2411.07199
2411.07184
2411.07135
2411.07132
2411.07126
2411.07025
2411.06959
2411.06908
2411.06757
2411.06686
2411.06602
2411.06558
2411.06552
2411.06525
2411.06481
2411.06449
2411.06390
2411.06287
2411.06019
2411.05927
2411.05902
2411.05738
2411.05731
2411.05706
2411.05679
2411.05564
2411.05544
2411.05473
2411.05362
2411.05222
2411.05007
2411.05006
2411.05005
2411.05003
2411.05001
2411.04998
2411.04997
2411.04996
2411.04989
2411.04984
2411.04967
2411.04954
2411.04928
2411.04924
2411.04923
2411.04873
2411.04746
2411.04732
2411.04724
2411.04713
2411.04709
2411.04406
2411.04357
2411.04335
2411.04332
2411.04249
2411.04217
2411.04125
2411.04097
2411.03982
2411.03862
2411.03795
2411.03637
2411.03493
2411.03286
2411.03086
2411.03047
2411.02969
2411.02844
2411.02545
2411.02397
2411.02395
2411.02394
2411.02393
2411.02385
2411.02336
2411.02327
2411.02319
2411.02293
2411.02229
2411.02188
2411.02068
2411.01853
2411.01738
2411.01602
2411.01593
2411.01545
2411.01512
2411.01212
2411.01179
2411.01171
2411.01123
2411.01048
2411.00776
2411.00771
2411.00769
2411.00705
2411.00652
2411.00626
2411.00406
2411.00399
2411.00359
2411.00356
2411.00322
2411.00225
2411.00144
2410.24223
2410.24219
2410.24207
2410.24204
2410.24203
2410.24160
2410.24037
2410.24015
2410.24001
2410.23931
2410.23800
2410.23788
2410.23775
2410.23718
2410.23658
2410.23623
2410.23608
2410.23556
2410.23530
2410.23332
2410.23330
2410.23317
2410.23287
2410.23280
2410.23277
2410.23274
2410.23245
2410.23144
2410.23085
2410.23054
2410.22979
2410.22936
2410.22911
2410.22830
2410.22817
2410.22775
2410.22771
2410.22705
2410.22637
2410.22592
2410.22366
2410.22364
2410.22217
2410.22128
2410.22070
2410.21966
2410.21964
2410.21955
2410.21789
2410.21759
2410.21747
2410.21739
2410.21708
2410.21669
2410.21665
2410.21638
2410.21566
2410.21299
2410.21264
2410.21228
2410.21061
2410.21035
2410.20974
2410.20972
2410.20898
2410.20823
2410.20815
2410.20789
2410.20723
2410.20717
2410.20686
2410.20502
2410.20474
2410.20470
2410.20395
2410.20371
2410.20220
2410.20197
2410.20164
2410.20155
2410.20030
2410.19831
2410.19785
2410.19735
2410.19657
2410.19590
2410.19355
2410.19324
2410.19310
2410.19149
2410.19115
2410.19079
2410.18987
2410.18979
2410.18978
2410.18977
2410.18975
2410.18962
2410.18958
2410.18956
2410.18931
2410.18923
2410.18912
2410.18881
2410.18857
2410.18804
2410.18775
2410.18756
2410.18737
2410.18666
2410.18613
2410.18538
2410.18410
2410.18408
2410.18398
2410.18137
2410.18084
2410.18083
2410.18072
2410.18070
2410.18057
2410.18013
2410.17983
2410.17980
2410.17966
2410.17932
2410.17858
2410.17839
2410.17802
2410.17725
2410.17637
2410.17594
2410.17534
2410.17521
2410.17505
2410.17434
2410.17422
2410.17331
2410.17249
2410.17247
2410.17242
2410.17146
2410.16942
2410.16892
2410.16794
2410.16770
2410.16719
2410.16707
2410.16512
2410.16395
2410.16272
2410.16271
2410.16268
2410.16267
2410.16266
2410.16261
2410.16259
2410.16152
2410.15980
2410.15957
2410.15926
2410.15879
2410.15657
2410.15636
2410.15629
2410.15458
2410.15397
2410.15391
2410.15371
2410.15364
2410.15315
2410.15312
2410.15091
2410.15075
2410.15067
2410.15042
2410.15027
2410.15002
2410.14993
2410.14919
2410.14672
2410.14669
2410.14540
2410.14470
2410.14429
2410.14398
2410.14324
2410.14265
2410.14247
2410.14214
2410.14189
2410.14170
2410.14169
2410.14159
2410.13925
2410.13924
2410.13911
2410.13882
2410.13863
2410.13861
2410.13860
2410.13848
2410.13842
2410.13830
2410.13824
2410.13726
2410.13613
2410.13607
2410.13571
2410.13565
2410.13564
2410.13530
2410.13370
2410.13294
2410.13285
2410.13280
2410.13276
2410.13195
2410.13136
2410.13088
2410.13025
2410.13016
2410.12995
2410.12957
2410.12928
2410.12836
2410.12781
2410.12777
2410.12761
2410.12725
2410.12700
2410.12696
2410.12669
2410.12557
2410.12526
2410.12524
2410.12501
2410.12490
2410.12414
2410.12342
2410.12332
2410.12312
2410.12266
2410.12262
2410.12242
2410.12158
2410.11831
2410.11817
2410.11815
2410.11795
2410.11686
2410.11682
2410.11551
2410.11536
2410.11520
2410.11505
2410.11473
2410.11439
2410.11419
2410.11374
2410.11236
2410.11208
2410.11206
2410.11187
2410.11087
2410.11081
2410.11080
2410.10821
2410.10818
2410.10817
2410.10816
2410.10815
2410.10812
2410.10802
2410.10799
2410.10798
2410.10792
2410.10790
2410.10774
2410.10751
2410.10745
2410.10733
2410.10719
2410.10696
2410.10659
2410.10629
2410.10511
2410.10496
2410.10453
2410.10437
2410.10412
2410.10382
2410.10356
2410.10316
2410.10306
2410.10267
2410.10257
2410.10238
2410.10207
2410.10168
2410.10149
2410.10140
2410.10133
2410.10058
2410.10034
2410.10012
2410.09909
2410.09864
2410.09792
2410.09771
2410.09732
2410.09633
2410.09592
2410.09575
2410.09566
2410.09467
2410.09400
2410.09347
2410.09306
2410.09140
2410.09049
2410.08983
2410.08941
2410.08743
2410.08709
2410.08645
2410.08604
2410.08565
2410.08534
2410.08531
2410.08529
2410.08371
2410.08368
2410.08282
2410.08261
2410.08260
2410.08209
2410.08207
2410.08206
2410.08192
2410.08190
2410.08184
2410.08181
2410.08168
2410.08159
2410.08129
2410.08119
2410.08082
2410.08069
2410.08049
2410.08017
2410.07971
2410.07838
2410.07815
2410.07763
2410.07718
2410.07707
2410.07679
2410.07659
2410.07658
2410.07600
2410.07599
2410.07577
2410.07536
2410.07369
2410.07336
2410.07303
2410.07273
2410.07177
2410.07171
2410.07164
2410.07155
2410.07133
2410.07128
2410.07113
2410.07112
2410.06985
2410.06940
2410.06806
2410.06756
2410.06719
2410.06718
2410.06664
2410.06593
2410.06551
2410.06475
2410.06468
2410.06456
2410.06424
2410.06264
2410.06245
2410.06244
2410.06241
2410.06231
2410.06169
2410.06166
2410.06084
2410.06055
2410.06025
2410.06014
2410.05993
2410.05963
2410.05954
2410.05710
2410.05664
2410.05651
2410.05591
2410.05525
2410.05470
2410.05363
2410.05322
2410.05317
2410.05309
2410.05261
2410.05258
2410.05255
2410.05249
2410.05227
2410.05203
2410.05160
2410.05097
2410.05044
2410.04974
2410.04932
2410.04844
2410.04779
2410.04738
2410.04721
2410.04671
2410.04646
2410.04534
2410.04439
2410.04402
2410.04364
2410.04354
2410.04224
2410.04191
2410.04171
2410.04081
2410.04052
2410.03941
2410.03936
2410.03878
2410.03861
2410.03659
2410.03640
2410.03592
2410.03558
2410.03478
2410.03456
2410.03355
2410.03311
2410.03290
2410.03190
2410.03176
2410.03174
2410.03160
2410.03097
2410.03039
2410.02763
2410.02761
2410.02746
2410.02705
2410.02703
2410.02667
2410.02619
2410.02571
2410.02467
2410.02416
2410.02103
2410.02098
2410.02067
2410.01912
2410.01816
2410.01806
2410.01804
2410.01801
2410.01756
2410.01731
2410.01723
2410.01699
2410.01638
2410.01540
2410.01535
2410.01521
2410.01404
2410.01295
2410.01262
2410.01239
2410.01226
2410.01202
2410.01201
2410.01131
2410.00905
2410.00890
2410.00418
2410.00337
2410.00321
2410.00255
2410.00086
2410.00083
2409.20566
2409.20563
2409.20562
2409.20556
2409.20530
2409.20500
2409.20140
2409.20043
2409.19989
2409.19967
2409.19946
2409.19937
2409.19911
2409.19830
2409.19734
2409.19702
2409.19686
2409.19681
2409.19624
2409.19613
2409.19603
2409.19506
2409.19472
2409.19425
2409.19405
2409.19289
2409.19152
2409.19149
2409.19128
2409.19111
2409.18964
2409.18962
2409.18961
2409.18897
2409.18893
2409.18876
2409.18869
2409.18852
2409.18694
2409.18686
2409.18523
2409.18442
2409.18401
2409.18364
2409.18336
2409.18314
2409.18214
2409.18128
2409.18125
2409.18124
2409.18114
2409.18083
2409.18071
2409.17941
2409.17920
2409.17917
2409.17778
2409.17740
2409.17671
2409.17566
2409.17565
2409.17280
2409.16280
2409.16211
2409.16167
2409.16160
2409.16147
2409.15997
2409.15904
2409.15875
2409.15715
2409.15689
2409.15650
2409.15259
2409.15179
2409.15041
2409.15010
2409.14993
2409.14850
2409.14847
2409.14713
2409.14704
2409.14677
2409.14607
2409.14379
2409.14316
2409.14149
2409.13690
2409.13648
2409.13591
2409.13418
2409.13346
2409.13222
2409.13158
2409.13079
2409.13055
2409.13037
2409.12961
2409.12960
2409.12957
2409.12953
2409.12952
2409.12899
2409.12892
2409.12886
2409.12771
2409.12753
2409.12576
2409.12532
2409.12431
2409.12259
2409.12191
2409.12024
2409.12008
2409.11951
2409.11923
2409.11904
2409.11867
2409.11734
2409.11682
2409.11406
2409.11402
2409.11367
2409.11356
2409.11355
2409.11340
2409.11307
2409.11219
2409.11182
2409.11160
2409.11104
2409.10982
2409.10925
2409.10836
2409.10695
2409.10594
2409.10542
2409.10522
2409.10476
2409.10353
2409.10327
2409.10180
2409.10141
2409.10090
2409.10041
2409.09896
2409.09808
2409.09774
2409.09721
2409.09714
2409.09668
2409.09605
2409.09593
2409.09406
2409.09350
2409.09323
2409.09232
2409.09149
2409.09144
2409.08947
2409.08861
2409.08857
2409.08849
2409.08669
2409.08615
2409.08613
2409.08551
2409.08520
2409.08518
2409.08513
2409.08475
2409.08464
2409.08353
2409.08278
2409.08272
2409.08271
2409.08270
2409.08260
2409.08258
2409.08251
2409.08248
2409.08240
2409.08215
2409.08207
2409.08189
2409.08167
2409.08102
2409.08091
2409.08077
2409.08056
2409.08026
2409.07913
2409.07907
2409.07887
2409.07759
2409.07650
2409.07649
2409.07456
2409.07454
2409.07452
2409.07451
2409.07450
2409.07447
2409.07414
2409.07253
2409.07236
2409.07220
2409.07179
2409.07129
2409.07098
2409.06991
2409.06851
2409.06809
2409.06765
2409.06752
2409.06704
2409.06685
2409.06662
2409.06633
2409.06620
2409.06579
2409.06535
2409.06493
2409.06481
2409.06442
2409.06407
2409.06355
2409.06322
2409.06299
2409.06219
2409.06210
2409.06202
2409.06166
2409.06135
2409.06029
2409.05926
2409.05868
2409.05862
2409.05746
2409.05617
2409.05606
2409.05405
2409.05395
2409.05380
2409.05379
2409.05334
2409.05294
2409.05279
2409.05099
2409.04968
2409.04847
2409.04801
2409.04751
2409.04559
2409.04440
2409.04431
2409.04429
2409.04410
2409.04234
2409.04196
2409.04178
2409.04109
2409.04095
2409.04086
2409.04013
2409.04005
2409.04003
2409.03757
2409.03755
2409.03718
2409.03644
2409.03634
2409.03550
2409.03525
2409.03514
2409.03456
2409.03272
2409.03213
2409.03209
2409.03137
2409.03109
2409.02919
2409.02851
2409.02846
2409.02653
2409.02638
2409.02634
2409.02574
2409.02567
2409.02543
2409.02529
2409.02513
2409.02494
2409.02482
2409.02429
2409.02426
2409.02389
2409.02374
2409.02104
2409.02097
2409.02095
2409.02084
2409.02048
2409.01966
2409.01761
2409.01728
2409.01627
2409.01595
2409.01347
2409.01327
2409.01322
2409.01199
2409.01086
2409.01055
2409.00991
2409.00953
2409.00707
2409.00654
2409.00633
2409.00590
2409.00587
2409.00558
2409.00522
2409.00492
2409.00362
2408.17223
2408.17135
2408.17131
2408.17081
2408.17064
2408.17060
2408.17046
2408.17027
2408.16982
2408.16845
2408.16807
2408.16768
2408.16767
2408.16766
2408.16762
2408.16760
2408.16730
2408.16690
2408.16662
2408.16634
2408.16544
2408.16540
2408.16506
2408.16504
2408.16500
2408.16450
2408.16426
2408.16357
2408.16325
2408.16272
2408.16266
2408.16232
2408.16224
2408.16061
2408.16005
2408.15998
2408.15995
2408.15994
2408.15991
2408.15966
2408.15922
2408.15914
2408.15881
2408.15708
2408.15695
2408.15660
2408.15556
2408.15542
2408.15524
2408.15461
2408.15239
2408.15143
2408.15098
2408.15038
2408.14975
2408.14899
2408.14868
2408.14846
2408.14837
2408.14826
2408.14823
2408.14819
2408.14776
2408.14765
2408.14732
2408.14584
2408.14468
2408.14339
2408.14279
2408.14211
2408.14180
2408.14173
2408.14016
2408.13980
2408.13972
2408.13953
2408.13912
2408.13896
2408.13868
2408.13858
2408.13770
2408.13711
2408.13679
2408.13674
2408.13656
2408.13623
2408.13508
2408.13459
2408.13423
2408.13413
2408.13395
2408.13370
2408.13359
2408.13335
2408.13285
2408.13257
2408.13256
2408.13252
2408.13239
2408.13055
2408.13024
2408.13005
2408.12894
2408.12747
2408.12692
2408.12691
2408.12677
2408.12601
2408.12590
2408.12588
2408.12569
2408.12528
2408.12429
2408.12418
2408.12406
2408.12364
2408.12340
2408.12282
2408.12245
2408.11915
2408.11813
2408.11810
2408.11788
2408.11758
2408.11721
2408.11706
2408.11697
2408.11679
2408.11541
2408.11540
2408.11475
2408.11464
2408.11447
2408.11408
2408.11402
2408.11287
2408.11208
2408.11194
2408.11085
2408.11077
2408.11071
2408.11039
2408.11030
2408.11001
2408.10935
2408.10906
2408.10848
2408.10845
2408.10844
2408.10789
2408.10739
2408.10605
2408.10588
2408.10575
2408.10571
2408.10539
2408.10453
2408.10433
2408.10205
2408.10198
2408.10195
2408.10189
2408.10188
2408.10154
2408.10119
2408.10086
2408.10041
2408.10012
2408.09928
2408.09920
2408.09787
2408.09744
2408.09739
2408.09702
2408.09680
2408.09650
2408.09496
2408.09441
2408.09332
2408.09248
2408.09240
2408.09162
2408.09156
2408.09151
2408.09144
2408.09130
2408.09126
2408.09104
2408.09085
2408.09042
2408.09000
2408.08872
2408.08862
2408.08822
2408.08766
2408.08723
2408.08650
2408.08632
2408.08623
2408.08601
2408.08575
2408.08524
2408.08518
2408.08495
2408.08461
2408.08459
2408.08412
2408.08345
2408.08342
2408.08340
2408.08332
2408.08315
2408.08206
2408.08189
2408.08184
2408.08108
2408.08092
2408.08091
2408.08086
2408.08070
2408.08000
2408.07967
2408.07917
2408.07889
2408.07689
2408.07666
2408.07540
2408.07481
2408.07476
2408.07433
2408.07422
2408.07362
2408.07337
2408.07116
2408.06975
2408.06926
2408.06878
2408.06832
2408.06747
2408.06741
2408.06740
2408.06707
2408.06697
2408.06687
2408.06662
2408.06632
2408.06614
2408.06610
2408.06592
2408.06543
2408.06502
2408.06429
2408.06398
2408.06286
2408.06157
2408.06072
2408.06047
2408.06019
2408.05939
2408.05938
2408.05927
2408.05868
2408.05710
2408.05631
2408.05477
2408.05402
2408.05211
2408.05205
2408.05159
2408.05083
2408.05008
2408.04962
2408.04961
2408.04883
2408.04840
2408.04831
2408.04810
2408.04803
2408.04785
2408.04631
2408.04619
2408.04594
2408.04586
2408.04579
2408.04567
2408.04474
2408.04249
2408.04224
2408.04102
2408.04093
2408.04072
2408.04034
2408.03940
2408.03822
2408.03753
2408.03695
2408.03637
2408.03632
2408.03574
2408.03558
2408.03400
2408.03356
2408.03355
2408.03326
2408.03209
2408.03193
2408.03178
2408.03060
2408.03001
2408.02993
2408.02891
2408.02879
2408.02803
2408.02769
2408.02752
2408.02718
2408.02672
2408.02657
2408.02629
2408.02615
2408.02555
2408.02503
2408.02464
2408.02336
2408.02231
2408.02226
2408.02211
2408.02191
2408.02157
2408.02110
2408.02100
2408.02079
2408.02054
2408.02035
2408.02014
2408.01878
2408.01812
2408.01800
2408.01723
2408.01689
2408.01678
2408.01664
2408.01415
2408.01319
2408.01269
2408.01181
2408.01129
2408.01126
2408.01099
2408.01031
2408.01014
2408.00998
2408.00760
2408.00754
2408.00744
2408.00735
2408.00712
2408.00677
2408.00653
2408.00620
2408.00555
2408.00458
2408.00386
2408.00350
2408.00297
2408.00286
2408.00254
2408.00001
2407.21770
2407.21757
2407.21705
2407.21703
2407.21686
2407.21654
2407.21534
2407.21475
2407.21450
2407.21428
2407.21316
2407.21136
2407.21035
2407.21032
2407.21017
2407.21016
2407.21002
2407.20928
2407.20908
2407.20853
2407.20836
2407.20785
2407.20784
2407.20756
2407.20727
2407.20664
2407.20516
2407.20455
2407.20437
2407.20232
2407.20229
2407.20228
2407.20175
2407.20171
2407.20141
2407.19918
2407.19837
2407.19832
2407.19774
2407.19628
2407.19593
2407.19548
2407.19542
2407.19524
2407.19474
2407.19453
2407.19434
2407.19409
2407.19205
2407.19166
2407.19108
2407.19035
2407.18995
2407.18941
2407.18914
2407.18907
2407.18854
2407.18715
2407.18695
2407.18658
2407.18656
2407.18601
2407.18559
2407.18443
2407.18381
2407.18247
2407.18245
2407.18244
2407.18242
2407.18046
2407.18035
2407.18034
2407.17952
2407.17929
2407.17850
2407.17847
2407.17843
2407.17834
2407.17571
2407.17493
2407.17438
2407.17418
2407.17398
2407.17365
2407.17310
2407.17274
2407.17095
2407.17035
2407.16988
2407.16982
2407.16977
2407.16837
2407.16826
2407.16698
2407.16696
2407.16682
2407.16655
2407.16600
2407.16526
2407.16511
2407.16503
2407.16448
2407.16396
2407.16364
2407.16354
2407.16307
2407.16291
2407.16260
2407.16243
2407.16224
2407.16198
2407.16173
2407.16126
2407.16125
2407.16124
2407.15886
2407.15848
2407.15843
2407.15842
2407.15841
2407.15838
2407.15837
2407.15819
2407.15811
2407.15797
2407.15686
2407.15680
2407.15642
2407.15595
2407.15554
2407.15507
2407.15484
2407.15481
2407.15447
2407.15446
2407.15408
2407.15355
2407.15328
2407.15219
2407.15212
2407.15187
2407.15171
2407.15155
2407.15153
2407.15070
2407.15066
2407.14971
2407.14880
2407.14774
2407.14709
2407.14676
2407.14505
2407.14502
2407.14500
2407.14499
2407.14419
2407.14302
2407.14280
2407.14279
2407.14257
2407.14225
2407.14209
2407.14177
2407.14138
2407.14108
2407.14059
2407.14041
2407.14007
2407.13976
2407.13851
2407.13808
2407.13772
2407.13766
2407.13764
2407.13761
2407.13759
2407.13752
2407.13748
2407.13745
2407.13715
2407.13675
2407.13642
2407.13609
2407.13592
2407.13584
2407.13555
2407.13390
2407.13372
2407.13362
2407.13338
2407.13188
2407.13185
2407.13139
2407.13094
2407.13036
2407.13010
2407.12939
2407.12889
2407.12781
2407.12777
2407.12753
2407.12727
2407.12709
2407.12705
2407.12684
2407.12679
2407.12676
2407.12667
2407.12661
2407.12581
2407.12580
2407.12579
2407.12538
2407.12463
2407.12442
2407.12435
2407.12431
2407.12395
2407.12383
2407.12354
2407.12306
2407.12294
2407.12291
2407.12217
2407.12210
2407.12207
2407.12173
2407.12164
2407.12069
2407.12067
2407.11966
2407.11965
2407.11962
2407.11921
2407.11895
2407.11840
2407.11793
2407.11717
2407.11700
2407.11699
2407.11585
2407.11564
2407.11555
2407.11502
2407.11499
2407.11464
2407.11422
2407.11419
2407.11398
2407.11394
2407.11325
2407.11309
2407.11306
2407.11238
2407.11213
2407.11211
2407.11162
2407.11075
2407.10998
2407.10964
2407.10958
2407.10943
2407.10937
2407.10920
2407.10910
2407.10825
2407.10753
2407.10738
2407.10707
2407.10655
2407.10641
2407.10625
2407.10592
2407.10575
2407.10487
2407.10482
2407.10459
2407.10445
2407.10389
2407.10387
2407.10380
2407.10366
2407.10330
2407.10285
2407.10277
2407.10267
2407.10233
2407.10179
2407.10151
2407.10125
2407.10102
2407.10084
2407.10061
2407.09946
2407.09941
2407.09935
2407.09919
2407.09822
2407.09781
2407.09779
2407.09768
2407.09733
2407.09648
2407.09646
2407.09533
2407.09510
2407.09473
2407.09413
2407.09386
2407.09271
2407.09073
2407.09059
2407.09057
2407.09050
2407.09012
2407.08970
2407.08965
2407.08939
2407.08931
2407.08795
2407.08737
2407.08711
2407.08706
2407.08701
2407.08683
2407.08680
2407.08674
2407.08634
2407.08608
2407.08569
2407.08567
2407.08551
2407.08521
2407.08515
2407.08476
2407.08460
2407.08414
2407.08394
2407.08303
2407.08280
2407.08268
2407.08221
2407.08156
2407.08133
2407.08019
2407.07958
2407.07860
2407.07844
2407.07726
2407.07667
2407.07614
2407.07532
2407.07485
2407.07284
2407.07220
2407.07197
2407.07111
2407.07090
2407.07077
2407.06984
2407.06938
2407.06937
2407.06863
2407.06842
2407.06642
2407.06617
2407.06613
2407.06581
2407.06546
2407.06531
2407.06516
2407.06469
2407.06438
2407.06397
2407.06358
2407.06304
2407.06191
2407.06188
2407.06187
2407.06182
2407.06135
2407.06109
2407.06079
2407.05965
2407.05921
2407.05875
2407.05848
2407.05771
2407.05712
2407.05615
2407.05607
2407.05600
2407.05586
2407.05578
2407.05577
2407.05552
2407.05551
2407.05530
2407.05352
2407.05324
2407.05312
2407.05282
2407.05256
2407.05254
2407.05061
2407.04948
2407.04947
2407.04871
2407.04800
2407.04699
2407.04697
2407.04681
2407.04621
2407.04619
2407.04604
2407.04603
2407.04545
2407.04513
2407.04504
2407.04461
2407.04345
2407.04245
2407.04237
2407.04215
2407.04191
2407.04103
2407.03923
2407.03901
2407.03857
2407.03791
2407.03788
2407.03757
2407.03695
2407.03604
2407.03588
2407.03471
2407.03320
2407.03314
2407.03300
2407.03297
2407.03263
2407.03240
2407.03204
2407.03200
2407.03197
2407.03168
2407.03010
2407.03006
2407.02945
2407.02881
2407.02763
2407.02687
2407.02599
2407.02598
2407.02482
2407.02477
2407.02445
2407.02430
2407.02411
2407.02398
2407.02392
2407.02371
2407.02329
2407.02315
2407.02252
2407.02174
2407.02165
2407.02158
2407.02109
2407.02075
2407.02040
2407.02034
2407.01945
2407.01921
2407.01866
2407.01781
2407.01525
2407.01521
2407.01518
2407.01516
2407.01509
2407.01494
2407.01445
2407.01425
2407.01414
2407.01400
2407.01349
2407.01301
2407.01299
2407.01230
2407.01220
2407.01193
2407.01094
2407.01074
2407.01027
2407.01014
2407.00905
2407.00788
2407.00783
2407.00737
2407.00676
2407.00503
2407.00500
2407.00377
2407.00367
2407.00356
2407.00316
2407.00247
2406.20098
2406.20092
2406.20085
2406.20081
2406.20077
2406.20076
2406.20066
2406.20055
2406.19997
2406.19948
2406.19811
2406.19736
2406.19680
2406.19668
2406.19568
2406.19435
2406.19395
2406.19389
2406.19369
2406.19353
2406.19298
2406.19070
2406.19030
2406.19006
2406.18958
2406.18944
2406.18925
2406.18893
2406.18790
2406.18742
2406.18717
2406.18588
2406.18581
2406.18566
2406.18533
2406.18524
2406.18522
2406.18516
2406.18462
2406.18459
2406.18387
2406.18242
2406.18214
2406.18199
2406.18198
2406.18051
2406.17988
2406.17880
2406.17840
2406.17777
2406.17770
2406.17758
2406.17741
2406.17688
2406.17639
2406.17636
2406.17601
2406.17462
2406.17442
2406.17396
2406.17349
2406.17345
2406.17236
2406.17100
2406.17074
2406.16864
2406.16863
2406.16860
2406.16855
2406.16852
2406.16815
2406.16776
2406.16710
2406.16695
2406.16683
2406.16537
2406.16531
2406.16476
2406.16442
2406.16273
2406.16272
2406.16260
2406.16085
2406.16004
2406.15863
2406.15829
2406.15811
2406.15786
2406.15735
2406.15643
2406.15339
2406.15333
2406.15331
2406.15252
2406.15213
2406.15020
2406.14964
2406.14855
2406.14762
2406.14555
2406.14539
2406.14526
2406.14510
2406.13897
2406.13870
2406.13743
2406.13735
2406.13565
2406.13527
2406.13411
2406.13393
2406.13215
2406.13155
2406.13099
2406.12831
2406.12368
2406.12303
2406.12121
2406.12044
2406.11839
2406.11253
2406.10700
2406.10224
2406.10210
2406.10208
2406.10126
2406.10115
2406.10111
2406.10078
2406.10000
2406.09973
2406.09850
2406.09728
2406.09627
2406.09613
2406.09598
2406.09570
2406.09553
2406.09546
2406.09484
2406.09417
2406.09416
2406.09415
2406.09414
2406.09413
2406.09412
2406.09411
2406.09407
2406.09406
2406.09404
2406.09402
2406.09400
2406.09399
2406.09395
2406.09394
2406.09377
2406.09374
2406.09371
2406.09368
2406.09358
2406.09315
2406.09305
2406.09294
2406.09162
2406.09135
2406.09117
2406.09026
2406.08953
2406.08850
2406.08798
2406.08759
2406.08659
2406.08603
2406.08552
2406.08488
2406.08487
2406.08482
2406.08479
2406.08478
2406.08475
2406.08431
2406.08418
2406.08394
2406.08392
2406.08337
2406.08324
2406.08300
2406.08232
2406.08177
2406.08096
2406.08070
2406.08009
2406.07879
2406.07869
2406.07865
2406.07852
2406.07844
2406.07840
2406.07792
2406.07706
2406.07686
2406.07667
2406.07648
2406.07550
2406.07547
2406.07546
2406.07543
2406.07540
2406.07537
2406.07524
2406.07520
2406.07516
2406.07507
2406.07502
2406.07499
2406.07496
2406.07488
2406.07480
2406.07476
2406.07472
2406.07251
2406.07209
2406.07170
2406.07163
2406.07008
2406.06973
2406.06972
2406.06911
2406.06890
2406.06820
2406.06730
2406.06564
2406.06527
2406.06523
2406.06465
2406.06424
2406.06382
2406.06367
2406.06258
2406.06216
2406.06050
2406.05871
2406.05835
2406.05821
2406.05814
2406.05785
2406.05774
2406.05768
2406.05766
2406.05723
2406.05649
2406.05641
2406.05630
2406.05602
2406.05478
2406.05338
2406.05271
2406.05184
2406.05132
2406.05127
2406.05082
2406.05038
2406.05000
2406.04906
2406.04888
2406.04875
2406.04746
2406.04675
2406.04662
2406.04542
2406.04532
2406.04343
2406.04342
2406.04341
2406.04338
2406.04337
2406.04333
2406.04332
2406.04330
2406.04325
2406.04324
2406.04322
2406.04321
2406.04314
2406.04312
2406.04309
2406.04303
2406.04295
2406.04277
2406.04264
2406.04254
2406.04251
2406.04221
2406.04103
2406.04101
2406.04032
2406.03723
2406.03720
2406.03697
2406.03586
2406.03520
2406.03459
2406.03417
2406.03341
2406.03303
2406.03293
2406.03280
2406.03215
2406.03184
2406.03175
2406.03070
2406.03035
2406.02968
2406.02965
2406.02923
2406.02918
2406.02917
2406.02915
2406.02881
2406.02820
2406.02720
2406.02549
2406.02548
2406.02547
2406.02541
2406.02540
2406.02539
2406.02535
2406.02528
2406.02511
2406.02509
2406.02507
2406.02495
2406.02485
2406.02461
2406.02407
2406.02395
2406.02347
2406.02230
2406.02153
2406.02058
2406.02021
2406.01970
2406.01956
2406.01954
2406.01900
2406.01733
2406.01595
2406.01594
2406.01593
2406.01592
2406.01584
2406.01583
2406.01579
2406.01561
2406.01493
2406.01476
2406.01467
2406.01460
2406.01388
2406.01334
2406.01300
2406.01210
2406.01203
2406.01188
2406.01159
2406.01125
2406.01069
2406.01062
2406.01042
2406.01020
2406.00985
2406.00908
2406.00830
2406.00783
2406.00687
2406.00670
2406.00637
2406.00633
2406.00609
2406.00598
2406.00508
2406.00505
2406.00457
2406.00449
2406.00448
2406.00434
2406.00432
2406.00427
2406.00272
2406.00259
2406.00258
2406.00121
2406.00093
2405.21075
2405.21074
2405.21066
2405.21060
2405.21059
2405.21050
2405.21048
2405.21013
2405.20985
2405.20971
2405.20853
2405.20791
2405.20750
2405.20721
2405.20674
2405.20669
2405.20510
2405.20494
2405.20343
2405.20340
2405.20339
2405.20337
2405.20336
2405.20334
2405.20330
2405.20327
2405.20325
2405.20324
2405.20323
2405.20320
2405.20310
2405.20305
2405.20283
2405.20282
2405.20279
2405.20224
2405.20222
2405.20216
2405.20204
2405.20155
2405.20141
2405.20084
2405.20067
2405.20031
2405.19996
2405.19957
2405.19931
2405.19899
2405.19876
2405.19854
2405.19783
2405.19751
2405.19745
2405.19726
2405.19712
2405.19708
2405.19707
2405.19671
2405.19657
2405.19614
2405.19609
2405.19450
2405.19335
2405.19334
2405.19331
2405.19326
2405.19315
2405.19296
2405.19237
2405.19209
2405.19035
2405.18991
2405.18937
2405.18897
2405.18852
2405.18842
2405.18840
2405.18831
2405.18801
2405.18784
2405.18762
2405.18750
2405.18715
2405.18679
2405.18677
2405.18654
2405.18616
2405.18525
2405.18524
2405.18515
2405.18483
2405.18428
2405.18425
2405.18424
2405.18416
2405.18415
2405.18407
2405.18406
2405.18361
2405.18326
2405.18304
2405.18295
2405.18172
2405.18163
2405.18156
2405.18132
2405.18029
2405.18025
2405.17991
2405.17965
2405.17958
2405.17933
2405.17927
2405.17913
2405.17891
2405.17873
2405.17871
2405.17825
2405.17815
2405.17811
2405.17790
2405.17705
2405.17673
2405.17661
2405.17532
2405.17531
2405.17472
2405.17461
2405.17430
2405.17429
2405.17421
2405.17414
2405.17405
2405.17401
2405.17398
2405.17393
2405.17351
2405.17306
2405.17258
2405.17251
2405.17247
2405.17187
2405.17176
2405.17158
2405.17139
2405.17083
2405.17082
2405.17069
2405.17013
2405.16947
2405.16923
2405.16915
2405.16895
2405.16888
2405.16852
2405.16849
2405.16847
2405.16829
2405.16823
2405.16822
2405.16803
2405.16788
2405.16785
2405.16759
2405.16700
2405.16645
2405.16605
2405.16596
2405.16570
2405.16567
2405.16555
2405.16544
2405.16537
2405.16534
2405.16517
2405.16504
2405.16501
2405.16470
2405.16401
2405.16393
2405.16341
2405.16287
2405.16260
2405.16098
2405.16034
2405.16009
2405.16005
2405.15914
2405.15891
2405.15885
2405.15881
2405.15769
2405.15758
2405.15757
2405.15738
2405.15734
2405.15688
2405.15622
2405.15619
2405.15580
2405.15574
2405.15491
2405.15475
2405.15463
2405.15425
2405.15364
2405.15330
2405.15321
2405.15313
2405.15305
2405.15304
2405.15287
2405.15234
2405.15232
2405.15223
2405.15217
2405.15196
2405.15176
2405.15125
2405.15118
2405.15056
2405.15020
2405.14979
2405.14874
2405.14871
2405.14868
2405.14866
2405.14858
2405.14857
2405.14855
2405.14854
2405.14832
2405.14828
2405.14822
2405.14813
2405.14793
2405.14785
2405.14780
2405.14739
2405.14705
2405.14701
2405.14677
2405.14633
2405.14582
2405.14580
2405.14554
2405.14480
2405.14475
2405.14458
2405.14455
2405.14452
2405.14430
2405.14343
2405.14338
2405.14294
2405.14276
2405.14241
2405.14224
2405.14206
2405.14201
2405.14174
2405.14129
2405.14119
2405.14024
2405.14017
2405.13956
2405.13951
2405.13943
2405.13870
2405.13865
2405.13800
2405.13748
2405.13729
2405.13722
2405.13685
2405.13675
2405.13637
2405.13540
2405.13473
2405.13360
2405.13337
2405.13335
2405.13218
2405.13195
2405.13194
2405.12978
2405.12970
2405.12914
2405.12806
2405.12796
2405.12663
2405.12661
2405.12540
2405.12531
2405.12523
2405.12490
2405.12420
2405.12399
2405.12369
2405.12218
2405.12200
2405.12155
2405.12110
2405.12107
2405.12069
2405.11921
2405.11914
2405.11852
2405.11794
2405.11685
2405.11616
2405.11523
2405.11473
2405.11467
2405.11442
2405.11326
2405.11286
2405.11273
2405.11252
2405.11236
2405.11190
2405.11135
2405.11129
2405.10988
2405.10864
2405.10832
2405.10739
2405.10674
2405.10577
2405.10508
2405.10370
2405.10320
2405.10317
2405.10316
2405.10314
2405.10313
2405.10305
2405.10300
2405.10292
2405.10255
2405.10185
2405.10140
2405.10053
2405.09879
2405.09874
2405.09818
2405.09717
2405.09673
2405.09546
2405.09426
2405.09403
2405.09266
2405.09215
2405.09114
2405.08911
2405.08733
2405.08720
2405.08055
2405.08054
2405.07992
2405.07919
2405.07913
2405.07857
2405.07813
2405.07801
2405.07648
2405.07425
2405.07392
2405.07346
2405.07306
2405.07288
2405.07284
2405.07145
2405.07023
2405.06948
2405.06914
2405.06535
2405.06525
2405.06461
2405.06408
2405.06241
2405.06147
2405.05967
2405.05953
2405.05949
2405.05945
2405.05858
2405.05846
2405.05806
2405.05800
2405.05768
2405.05702
2405.05691
2405.05663
2405.05615
2405.05538
2405.05526
2405.05446
2405.05252
2405.05224
2405.05216
2405.05173
2405.05027
2405.05010
2405.04834
2405.04795
2405.04682
2405.04533
2405.04517
2405.04496
2405.04404
2405.04356
2405.04312
2405.04233
2405.04007
2405.03958
2405.03894
2405.03770
2405.03689
2405.03685
2405.03682
2405.03673
2405.03659
2405.03520
2405.03486
2405.03436
2405.03349
2405.03318
2405.03243
2405.03150
2405.03121
2405.03025
2405.03008
2405.02982
2405.02945
2405.02859
2405.02844
2405.02843
2405.02793
2405.02730
2405.02700
2405.02696
2405.02608
2405.02568
2405.02508
2405.02386
2405.02280
2405.02246
2405.02066
2405.02005
2405.01825
2405.01536
2405.01533
2405.01496
2405.01413
2405.01356
2405.01008
2405.00998
2405.00954
2405.00942
2405.00915
2405.00900
2405.00794
2405.00791
2405.00760
2405.00676
2405.00672
2405.00630
2405.00587
2405.00466
2405.00448
2405.00313
2405.00293
2405.00256
2405.00196
2404.19760
2404.19759
2404.19758
2404.19756
2404.19753
2404.19752
2404.19702
2404.19696
2404.19567
2404.19525
2404.19475
2404.19427
2404.19417
2404.19227
2404.19204
2404.19149
2404.19110
2404.19015
2404.18929
2404.18928
2404.18861
2404.18669
2404.18630
2404.18620
2404.18598
2404.18454
2404.18409
2404.18343
2404.18284
2404.18212
2404.18136
2404.18065
2404.18020
2404.17993
2404.17876
2404.17774
2404.17762
2404.17753
2404.17672
2404.17571
2404.17528
2404.17486
2404.17419
2404.17364
2404.17255
2404.17254
2404.17230
2404.16994
2404.16845
2404.16829
2404.16821
2404.16820
2404.16771
2404.16752
2404.16748
2404.16687
2404.16612
2404.16510
2404.16375
2404.16323
2404.16306
2404.16221
2404.16112
2404.16030
2404.16029
2404.16022
2404.15956
2404.15955
2404.15909
2404.15891
2404.15889
2404.15789
2404.15677
2404.15653
2404.15506
2404.15449
2404.15406
2404.15349
2404.15276
2404.15275
2404.15267
2404.15264
2404.15263
2404.15259
2404.15228
2404.15141
2404.15100
2404.15014
2404.14967
2404.14966
2404.14768
2404.14743
2404.14676
2404.14674
2404.14667
2404.14581
2404.14507
2404.14410
2404.14409
2404.14403
2404.14396
2404.14368
2404.14351
2404.14249
2404.14239
2404.14199
2404.14162
2404.14132
2404.14055
2404.14044
2404.14037
2404.14007
2404.13984
2404.13944
2404.13923
2404.13903
2404.13896
2404.13816
2404.13784
2404.13766
2404.13706
2404.13696
2404.13686
2404.13680
2404.13679
2404.13579
2404.13573
2404.13558
2404.13445
2404.13400
2404.13370
2404.13320
2404.13306
2404.13299
2404.13263
2404.13153
2404.13046
2404.13044
2404.13040
2404.13026
2404.13024
2404.13013
2404.12940
2404.12887
2404.12803
2404.12794
2404.12784
2404.12547
2404.12541
2404.12509
2404.12391
2404.12390
2404.12389
2404.12388
2404.12387
2404.12386
2404.12385
2404.12382
2404.12352
2404.12347
2404.12333
2404.12168
2404.12154
2404.12104
2404.11958
2404.11949
2404.11936
2404.11925
2404.11895
2404.11824
2404.11778
2404.11615
2404.11614
2404.11613
2404.11593
2404.11589
2404.11554
2404.11475
2404.11419
2404.11375
2404.11358
2404.11207
2404.11151
2404.11120
2404.11098
2404.10947
2404.10864
2404.10772
2404.10765
2404.10763
2404.10716
2404.10700
2404.10690
2404.10685
2404.10667
2404.10625
2404.10618
2404.10603
2404.10518
2404.10484
2404.10441
2404.10438
2404.10394
2404.10342
2404.10318
2404.10267
2404.10157
2404.09995
2404.09990
2404.09977
2404.09976
2404.09884
2404.09833
2404.09732
2404.09632
2404.09619
2404.09591
2404.09570
2404.09516
2404.09512
2404.09504
2404.09502
2404.09476
2404.09469
2404.09465
2404.09458
2404.09447
2404.09431
2404.09426
2404.09412
2404.09401
2404.09326
2404.09227
2404.09216
2404.09204
2404.09172
2404.09111
2404.09105
2404.08921
2404.08819
2404.08814
2404.08799
2404.08639
2404.08636
2404.08603
2404.08590
2404.08580
2404.08540
2404.08506
2404.08449
2404.08312
2404.08273
2404.08252
2404.08197
2404.08187
2404.08181
2404.08111
2404.08031
2404.08030
2404.07993
2404.07991
2404.07990
2404.07987
2404.07977
2404.07973
2404.07949
2404.07933
2404.07850
2404.07794
2404.07771
2404.07724
2404.07600
2404.07554
2404.07448
2404.07389
2404.07236
2404.07206
2404.07204
2404.07202
2404.07191
2404.07178
2404.07177
2404.07153
2404.07106
2404.06913
2404.06903
2404.06851
2404.06832
2404.06814
2404.06780
2404.06773
2404.06727
2404.06666
2404.06542
2404.06451
2404.06429
2404.06425
2404.06270
2404.06244
2404.06135
2404.06119
2404.06109
2404.06091
2404.06050
2404.05979
2404.05961
2404.05729
2404.05726
2404.05719
2404.05705
2404.05674
2404.05673
2404.05667
2404.05666
2404.05662
2404.05657
2404.05626
2404.05621
2404.05607
2404.05603
2404.05595
2404.05580
2404.05578
2404.05519
2404.05384
2404.05331
2404.05268
2404.05236
2404.05225
2404.05188
2404.05072
2404.05014
2404.04956
2404.04946
2404.04913
2404.04908
2404.04875
2404.04860
2404.04828
2404.04650
2404.04617
2404.04562
2404.04544
2404.04526
2404.04478
2404.04474
2404.04469
2404.04465
2404.04421
2404.04376
2404.04363
2404.04346
2404.04319
2404.04256
2404.04243
2404.04242
2404.04211
2404.04057
2404.04037
2404.03836
2404.03799
2404.03736
2404.03658
2404.03657
2404.03656
2404.03654
2404.03653
2404.03652
2404.03650
2404.03645
2404.03635
2404.03620
2404.03613
2404.03575
2404.03566
2404.03531
2404.03477
2404.03421
2404.03413
2404.03407
2404.03392
2404.03349
2404.03242
2404.03214
2404.03202
2404.03109
2404.03042
2404.02948
2404.02905
2404.02889
2404.02883
2404.02790
2404.02788
2404.02747
2404.02733
2404.02686
2404.02634
2404.02617
2404.02514
2404.02410
2404.02285
2404.02241
2404.02155
2404.02154
2404.02152
2404.02148
2404.02145
2404.02132
2404.02125
2404.02101
2404.01984
2404.01843
2404.01810
2404.01717
2404.01709
2404.01543
2404.01424
2404.01367
2404.01300
2404.01297
2404.01296
2404.01294
2404.01292
2404.01291
2404.01284
2404.01247
2404.01241
2404.01203
2404.01197
2404.01143
2404.01133
2404.01089
2404.00987
2404.00931
2404.00891
2404.00879
2404.00878
2404.00874
2404.00714
2404.00661
2404.00648
2404.00485
2404.00473
2404.00409
2404.00384
2404.00358
2404.00345
2404.00269
2404.00262
2404.00234
2404.00230
2403.20318
2403.20312
2403.20309
2403.20275
2403.20271
2403.20249
2403.20236
2403.20231
2403.20193
2403.20159
2403.20153
2403.20126
2403.20105
2403.20079
2403.20034
2403.20032
2403.20018
2403.20002
2403.19985
2403.19975
2403.19967
2403.19964
2403.19963
2403.19926
2403.19924
2403.19919
2403.19898
2403.19888
2403.19866
2403.19838
2403.19811
2403.19797
2403.19776
2403.19738
2403.19716
2403.19653
2403.19596
2403.19593
2403.19588
2403.19580
2403.19534
2403.19522
2403.19517
2403.19495
2403.19473
2403.19456
2403.19386
2403.19322
2403.19319
2403.19314
2403.19254
2403.19205
2403.19164
2403.19046
2403.18978
2403.18922
2403.18820
2403.18819
2403.18814
2403.18807
2403.18795
2403.18784
2403.18775
2403.18660
2403.18551
2403.18493
2403.18476
2403.18417
2403.18361
2403.18103
2403.18036
2403.18035
2403.17998
2403.17935
2403.17931
2403.17924
2403.17898
2403.17888
2403.17870
2403.17846
2403.17839
2403.17827
2403.17823
2403.17822
2403.17804
2403.17782
2403.17765
2403.17695
2403.17638
2403.17537
2403.17465
2403.17422
2403.17410
2403.17377
2403.17237
2403.17213
2403.17064
2403.17008
2403.17007
2403.17005
2403.17004
2403.16999
2403.16990
2403.16954
2403.16897
2403.16885
2403.16848
2403.16530
2403.16510
2403.16379
2403.16368
2403.16365
2403.16318
2403.16210
2403.16141
2403.16131
2403.16111
2403.16095
2403.16048
2403.16020
2403.16016
2403.15789
2403.15704
2403.15698
2403.15679
2403.15624
2403.15583
2403.15530
2403.15389
2403.15383
2403.15382
2403.15378
2403.15377
2403.15360
2403.15330
2403.15309
2403.15249
2403.15234
2403.15064
2403.15059
2403.15019
2403.15009
2403.14966
2403.14944
2403.14939
2403.14870
2403.14828
2403.14781
2403.14773
2403.14760
2403.14623
2403.14621
2403.14617
2403.14614
2403.14613
2403.14610
2403.14608
2403.14602
2403.14599
2403.14572
2403.14554
2403.14530
2403.14520
2403.14487
2403.14468
2403.14376
2403.14291
2403.14270
2403.14244
2403.14186
2403.14166
2403.14155
2403.14148
2403.14141
2403.13951
2403.13826
2403.13807
2403.13806
2403.13788
2403.13745
2403.13600
2403.13589
2403.13551
2403.13535
2403.13524
2403.13501
2403.13447
2403.13438
2403.13408
2403.13352
2403.13304
2403.13187
2403.13163
2403.13117
2403.13064
2403.13044
2403.13043
2403.12966
2403.12965
2403.12963
2403.12962
2403.12960
2403.12957
2403.12953
2403.12915
2403.12906
2403.12803
2403.12760
2403.12722
2403.12706
2403.12658
2403.12585
2403.12550
2403.12532
2403.12510
2403.12488
2403.12431
2403.12409
2403.12365
2403.12326
2403.12042
2403.12038
2403.12036
2403.12035
2403.12034
2403.12032
2403.12028
2403.12019
2403.12015
2403.12010
2403.12008
2403.12002
2403.11999
2403.11990
2403.11956
2403.11929
2403.11909
2403.11887
2403.11882
2403.11878
2403.11868
2403.11835
2403.11831
2403.11821
2403.11796
2403.11781
2403.11703
2403.11697
2403.11679
2403.11627
2403.11589
2403.11568
2403.11535
2403.11503
2403.11481
2403.11453
2403.11451
2403.11447
2403.11423
2403.11415
2403.11401
2403.11324
2403.11262
2403.11247
2403.11207
2403.11197
2403.11194
2403.11176
2403.11162
2403.11116
2403.11111
2403.11105
2403.11056
2403.11053
2403.11027
2403.10983
2403.10953
2403.10935
2403.10906
2403.10854
2403.10801
2403.10783
2403.10731
2403.10701
2403.10615
2403.10520
2403.10427
2403.10395
2403.10336
2403.10335
2403.10242
2403.10211
2403.10191
2403.10179
2403.10166
2403.10147
2403.10133
2403.10098
2403.10071
2403.10050
2403.10004
2403.09981
2403.09977
2403.09939
2403.09746
2403.09669
2403.09638
2403.09632
2403.09626
2403.09625
2403.09623
2403.09622
2403.09620
2403.09616
2403.09611
2403.09593
2403.09468
2403.09439
2403.09413
2403.09338
2403.09334
2403.09326
2403.09281
2403.09236
2403.09195
2403.09176
2403.09140
2403.09093
2403.09065
2403.09055
2403.08933
2403.08902
2403.08857
2403.08733
2403.08551
2403.08498
2403.08436
2403.08381
2403.08277
2403.08268
2403.08255
2403.08108
2403.07874
2403.07860
2403.07764
2403.07711
2403.07605
2403.07589
2403.07560
2403.07547
2403.07508
2403.07500
2403.07494
2403.07487
2403.07392
2403.07371
2403.07304
2403.07289
2403.07234
2403.07071
2403.06977
2403.06976
2403.06973
2403.06952
2403.06951
2403.06912
2403.06908
2403.06866
2403.06793
2403.06775
2403.06764
2403.06738
2403.06702
2403.06517
2403.06505
2403.06403
2403.06400
2403.06381
2403.06356
2403.06269
2403.06243
2403.06213
2403.06168
2403.06135
2403.06098
2403.06092
2403.05907
2403.05846
2403.05726
2403.05438
2403.05239
2403.05231
2403.05154
2403.05139
2403.05135
2403.05131
2403.05125
2403.05121
2403.05094
2403.05087
2403.05056
2403.05053
2403.05018
2403.04993
2403.04965
2403.04926
2403.04880
2403.04692
2403.04690
2403.04634
2403.04493
2403.04437
2403.04321
2403.04306
2403.04303
2403.04279
2403.04200
2403.03852
2403.03485
2403.03431
2403.03206
2403.02981
2403.02827
2403.02799
2403.02775
2403.02677
2403.02580
2403.02561
2403.02473
2403.02460
2403.02332
2403.02325
2403.02234
2403.02151
2403.02118
2403.02084
2403.01852
2403.01807
2403.01800
2403.01779
2403.01693
2403.01643
2403.01560
2403.01446
2403.01444
2403.01427
2403.01422
2403.01329
2403.01306
2403.01212
2403.01124
2403.00939
2403.00835
2403.00818
2403.00762
2403.00729
2403.00712
2403.00644
2403.00587
2403.00522
2403.00483
2403.00459
2403.00437
2402.19481
2402.19479
2402.19474
2402.19469
2402.19427
2402.19150
2402.18956
2402.18929
2402.18848
2402.18842
2402.18780
2402.18331
2402.18206
2402.18192
2402.18068
2402.18039
2402.17910
2402.17863
2402.17766
2402.17726
2402.17563
2402.17525
2402.17485
2402.17412
2402.17403
2402.17376
2402.17323
2402.17298
2402.17292
2402.17245
2402.17214
2402.17177
2402.17139
2402.17128
2402.17113
2402.16994
2402.16991
2402.16936
2402.16889
2402.16843
2402.16828
2402.16806
2402.16641
2402.16627
2402.16607
2402.16506
2402.16421
2402.16370
2402.16366
2402.16359
2402.16124
2402.16013
2402.15870
2402.15784
2402.15648
2402.15555
2402.15504
2402.15429
2402.15194
2402.15120
2402.14810
2402.14797
2402.14792
2402.14780
2402.14767
2402.14654
2402.14650
2402.14586
2402.14577
2402.14401
2402.14327
2402.14316
2402.14253
2402.14167
2402.14000
2402.13929
2402.13827
2402.13729
2402.13616
2402.13573
2402.13490
2402.13404
2402.13369
2402.13349
2402.13252
2402.13251
2402.13217
2402.13185
2402.13144
2402.13126
2402.12974
2402.12927
2402.12908
2402.12760
2402.12741
2402.12712
2402.12550
2402.12377
2402.12376
2402.12336
2402.12259
2402.12121
2402.12004
2402.11929
2402.11849
2402.11846
2402.11487
2402.11303
2402.11281
2402.11248
2402.11148
2402.11141
2402.10882
2402.10855
2402.10821
2402.10739
2402.10636
2402.10491
2402.10401
2402.10294
2402.10259
2402.10210
2402.10208
2402.10193
2402.10128
2402.10093
2402.09966
2402.09872
2402.09812
2402.09712
2402.09470
2402.09368
2402.09240
2402.09092
2402.09052
2402.08960
2402.08919
2402.08875
2402.08714
2402.08682
2402.08680
2402.08678
2402.08657
2402.08654
2402.08622
2402.08601
2402.08577
2402.08268
2402.08265
2402.08018
2402.07839
2402.07562
2402.07384
2402.07370
2402.07207
2402.07181
2402.06149
2402.06117
2402.05947
2402.05937
2402.05892
2402.05889
2402.05803
2402.05608
2402.05472
2402.05408
2402.05382
2402.05375
2402.05235
2402.05195
2402.05054
2402.05008
2402.04930
2402.04648
2402.04630
2402.04625
2402.04618
2402.04563
2402.04504
2402.04492
2402.04324
2402.04252
2402.04236
2402.04009
2402.03908
2402.03766
2402.03723
2402.03445
2402.03328
2402.03327
2402.03310
2402.03307
2402.03302
2402.03290
2402.03286
2402.03251
2402.03246
2402.03241
2402.03214
2402.03162
2402.03161
2402.03119
2402.03040
2402.02972
2402.02906
2402.02887
2402.02800
2402.02705
2402.02474
2402.02453
2402.02369
2402.02352
2402.02209
2402.02112
2402.01950
2402.01832
2402.01590
2402.01566
2402.01524
2402.01472
2402.01459
2402.01368
2402.01355
2402.01345
2402.01293
2402.01239
2402.01217
2402.01162
2402.01123
2402.00909
2402.00867
2402.00864
2402.00863
2402.00827
2402.00769
2402.00752
2402.00631
2402.00627
2402.00626
2402.00606
2402.00525
2402.00351
2402.00240
2402.00225
2402.00033
2401.17992
2401.17948
2401.17895
2401.17879
2401.17868
2401.17857
2401.17807
2401.17629
2401.17509
2401.17270
2401.17258
2401.17181
2401.17053
2401.16861
2401.16764
2401.16762
2401.16741
2401.16663
2401.16575
2401.16468
2401.16456
2401.16420
2401.16157
2401.16144
2401.16087
2401.15977
2401.15975
2401.15947
2401.15914
2401.15885
2401.15859
2401.15841
2401.15708
2401.15688
2401.15687
2401.15652
2401.15636
2401.15318
2401.14828
2401.14754
2401.14425
2401.14405
2401.14404
2401.14398
2401.14391
2401.14257
2401.14159
2401.14069
2401.13992
2401.13974
2401.13942
2401.13795
2401.13641
2401.13627
2401.13601
2401.13560
2401.13555
2401.13388
2401.13363
2401.13329
2401.13311
2401.13307
2401.13221
2401.13203
2401.13011
2401.12979
2401.12978
2401.12945
2401.12915
2401.12902
2401.12900
2401.12596
2401.12592
2401.12511
2401.12503
2401.12425
2401.12233
2401.12217
2401.12175
2401.12168
2401.12051
2401.11949
2401.11739
2401.11708
2401.11633
2401.11239
2401.11115
2401.11078
2401.11067
2401.10891
2401.10889
2401.10831
2401.10822
2401.10404
2401.10229
2401.10228
2401.10227
2401.10226
2401.10224
2401.10222
2401.10208
2401.10171
2401.10166
2401.10150
2401.10061
2401.10039
2401.10005
2401.09985
2401.09962
2401.09865
2401.09861
2401.09794
2401.09742
2401.09732
2401.09720
2401.09673
2401.09603
2401.09495
2401.09419
2401.09417
2401.09416
2401.09414
2401.09413
2401.09340
2401.09084
2401.09050
2401.09048
2401.09047
2401.08973
2401.08937
2401.08930
2401.08815
2401.08742
2401.08741
2401.08740
2401.08725
2401.08573
2401.08570
2401.08559
2401.08541
2401.08472
2401.08392
2401.08276
2401.08140
2401.08100
2401.08092
2401.08053
2401.07781
2401.07770
2401.07727
2401.07709
2401.07519
2401.06994
2401.06805
2401.06704
2401.06637
2401.06614
2401.06578
2401.06442
2401.06397
2401.06345
2401.06341
2401.06310
2401.06209
2401.06197
2401.06191
2401.06129
2401.06105
2401.06104
2401.06071
2401.06035
2401.06003
2401.05925
2401.05907
2401.05750
2401.05735
2401.05675
2401.05583
2401.05516
2401.05293
2401.05252
2401.05224
2401.05097
2401.05011
2401.04861
2401.04728
2401.04716
2401.04651
2401.04608
2401.04468
2401.04463
2401.04339
2401.04247
2401.04136
2401.04099
2401.04092
2401.03890
2401.03854
2401.03707
2401.03433
2401.03257
2401.03253
2401.03201
2401.03140
2401.03048
2401.02957
2401.02955
2401.02739
2401.02677
2401.02620
2401.02473
2401.02436
2401.02418
2401.02416
2401.02414
2401.02402
2401.02400
2401.02361
2401.02347
2401.02330
2401.02317
2401.02281
2401.02142
2401.02126
2401.02032
2401.02015
2401.01970
2401.01952
2401.01862
2401.01827
2401.01808
2401.01730
2401.01702
2401.01651
2401.01647
2401.01520
2401.01470
2401.01339
2401.01256
2401.01216
2401.01207
2401.01173
2401.01130
2401.01128
2401.01117
2401.01008
2401.00935
2401.00909
2401.00897
2401.00896
2401.00877
2401.00869
2401.00847
2401.00834
2401.00825
2401.00736
2401.00616
2401.00604
2401.00551
2401.00431
2401.00374
2401.00370
2401.00254
2401.00208
2401.00110
2401.00094
2401.00027