2312.17742
2312.17681
2312.17561
2312.17505
2312.17448
2312.17432
2312.17334
2312.17250
2312.17243
2312.17241
2312.17240
2312.17232
2312.17225
2312.17172
2312.17161
2312.17142
2312.16886
2312.16862
2312.16837
2312.16812
2312.16794
2312.16720
2312.16693
2312.16649
2312.16602
2312.16486
2312.16414
2312.16274
2312.16272
2312.16256
2312.16218
2312.16204
2312.16197
2312.16145
2312.16109
2312.16084
2312.16047
2312.15980
2312.15964
2312.15905
2312.15895
2312.15770
2312.15736
2312.15715
2312.15707
2312.15681
2312.15430
2312.15289
2312.15258
2312.15238
2312.15162
2312.15043
2312.14988
2312.14985
2312.14923
2312.14871
2312.14867
2312.14828
2312.14733
2312.14611
2312.14579
2312.14494
2312.14385
2312.14239
2312.14238
2312.14233
2312.14232
2312.14216
2312.14198
2312.14140
2312.14132
2312.14125
2312.14091
2312.13980
2312.13964
2312.13913
2312.13834
2312.13789
2312.13770
2312.13764
2312.13763
2312.13735
2312.13729
2312.13691
2312.13663
2312.13578
2312.13528
2312.13324
2312.13314
2312.13308
2312.13307
2312.13299
2312.13286
2312.13285
2312.13271
2312.13253
2312.13150
2312.12661
2312.12540
2312.12491
2312.12490
2312.12487
2312.12483
2312.12468
2312.12433
2312.12423
2312.12419
2312.12416
2312.12359
2312.12337
2312.12198
2312.12030
2312.11894
2312.11841
2312.11774
2312.11595
2312.11535
2312.11473
2312.11461
2312.11459
2312.11458
2312.11417
2312.11396
2312.11392
2312.11370
2312.11360
2312.11232
2312.10998
2312.10945
2312.10899
2312.10835
2312.10763
2312.10665
2312.10656
2312.10457
2312.10240
2312.10144
2312.10136
2312.10120
2312.10113
2312.10111
2312.10103
2312.10034
2312.10032
2312.09767
2312.09641
2312.09608
2312.09579
2312.09305
2312.09256
2312.09252
2312.09249
2312.09246
2312.09242
2312.09237
2312.09228
2312.09222
2312.09168
2312.09158
2312.09147
2312.09138
2312.09128
2312.09109
2312.09069
2312.08892
2312.08889
2312.08887
2312.08885
2312.08883
2312.08882
2312.08880
2312.08874
2312.08873
2312.08872
2312.08870
2312.08825
2312.08768
2312.08754
2312.08746
2312.08744
2312.08568
2312.08563
2312.08372
2312.08366
2312.08338
2312.08168
2312.08128
2312.08071
2312.08048
2312.08019
2312.07661
2312.07541
2312.07539
2312.07537
2312.07536
2312.07533
2312.07532
2312.07509
2312.07504
2312.07409
2312.07315
2312.07231
2312.07133
2312.07063
2312.06971
2312.06947
2312.06742
2312.06739
2312.06731
2312.06725
2312.06713
2312.06712
2312.06709
2312.06708
2312.06706
2312.06704
2312.06703
2312.06680
2312.06663
2312.06662
2312.06661
2312.06660
2312.06655
2312.06647
2312.06644
2312.06642
2312.06640
2312.06573
2312.06553
2312.06439
2312.06285
2312.06205
2312.06198
2312.06158
2312.06116
2312.06109
2312.06059
2312.06038
2312.05915
2312.05889
2312.05849
2312.05760
2312.05695
2312.05664
2312.05616
2312.05541
2312.05525
2312.05482
2312.05476
2312.05390
2312.05295
2312.05288
2312.05284
2312.05283
2312.05251
2312.05210
2312.05208
2312.05133
2312.05107
2312.05039
2312.05038
2312.04966
2312.04965
2312.04963
2312.04884
2312.04875
2312.04820
2312.04806
2312.04655
2312.04654
2312.04567
2312.04566
2312.04565
2312.04564
2312.04561
2312.04560
2312.04558
2312.04557
2312.04551
2312.04539
2312.04534
2312.04524
2312.04483
2312.04461
2312.04433
2312.04429
2312.04424
2312.04410
2312.04337
2312.04302
2312.04086
2312.04005
2312.03913
2312.03884
2312.03869
2312.03816
2312.03806
2312.03795
2312.03793
2312.03771
2312.03766
2312.03763
2312.03701
2312.03700
2312.03641
2312.03628
2312.03626
2312.03611
2312.03594
2312.03587
2312.03584
2312.03517
2312.03461
2312.03459
2312.03431
2312.03203
2312.03160
2312.03079
2312.03048
2312.03047
2312.03045
2312.03029
2312.03026
2312.03015
2312.03011
2312.02981
2312.02980
2312.02974
2312.02970
2312.02963
2312.02949
2312.02936
2312.02928
2312.02919
2312.02918
2312.02902
2312.02896
2312.02772
2312.02703
2312.02696
2312.02663
2312.02647
2312.02625
2312.02617
2312.02548
2312.02503
2312.02432
2312.02420
2312.02362
2312.02338
2312.02319
2312.02284
2312.02256
2312.02253
2312.02238
2312.02228
2312.02221
2312.02218
2312.02216
2312.02214
2312.02202
2312.02201
2312.02197
2312.02190
2312.02189
2312.02157
2312.02155
2312.02153
2312.02150
2312.02149
2312.02147
2312.02145
2312.02142
2312.02139
2312.02135
2312.02134
2312.02133
2312.02126
2312.02116
2312.02109
2312.02103
2312.02087
2312.02069
2312.01987
2312.01985
2312.01841
2312.01790
2312.01771
2312.01711
2312.01697
2312.01663
2312.01629
2312.01623
2312.01597
2312.01531
2312.01409
2312.01381
2312.01305
2312.01280
2312.01255
2312.01196
2312.01129
2312.01068
2312.01027
2312.01026
2312.00971
2312.00944
2312.00878
2312.00869
2312.00863
2312.00860
2312.00853
2312.00852
2312.00845
2312.00833
2312.00785
2312.00784
2312.00778
2312.00777
2312.00761
2312.00739
2312.00732
2312.00674
2312.00596
2312.00588
2312.00583
2312.00451
2312.00330
2312.00210
2312.00206
2312.00195
2312.00116
2312.00109
2312.00094
2312.00093
2312.00085
2312.00081
2312.00079
2312.00065
2312.00063
2311.18837
2311.18836
2311.18835
2311.18834
2311.18832
2311.18830
2311.18829
2311.18827
2311.18823
2311.18822
2311.18815
2311.18775
2311.18765
2311.18763
2311.18729
2311.18654
2311.18651
2311.18610
2311.18608
2311.18561
2311.18512
2311.18482
2311.18448
2311.18435
2311.18387
2311.18328
2311.18297
2311.18288
2311.18266
2311.18257
2311.18248
2311.18243
2311.18208
2311.18159
2311.18068
2311.17977
2311.17971
2311.17963
2311.17957
2311.17953
2311.17946
2311.17944
2311.17937
2311.17921
2311.17917
2311.17907
2311.17902
2311.17901
2311.17891
2311.17874
2311.17857
2311.17834
2311.17754
2311.17737
2311.17717
2311.17707
2311.17618
2311.17609
2311.17536
2311.17528
2311.17461
2311.17338
2311.17261
2311.17245
2311.17216
2311.17138
2311.17137
2311.17132
2311.17126
2311.17123
2311.17117
2311.17095
2311.17092
2311.17091
2311.17089
2311.17086
2311.17083
2311.17082
2311.17076
2311.17043
2311.17009
2311.17002
2311.16974
2311.16973
2311.16961
2311.16933
2311.16922
2311.16918
2311.16854
2311.16737
2311.16711
2311.16635
2311.16567
2311.16513
2311.16512
2311.16507
2311.16504
2311.16499
2311.16498
2311.16492
2311.16473
2311.16465
2311.16432
2311.16254
2311.16201
2311.16122
2311.16117
2311.16103
2311.16101
2311.16099
2311.16097
2311.16096
2311.16090
2311.16081
2311.16043
2311.16037
2311.15980
2311.15864
2311.15841
2311.15813
2311.15776
2311.15773
2311.15744
2311.15732
2311.15707
2311.15658
2311.15657
2311.15648
2311.15561
2311.15556
2311.15551
2311.15537
2311.15510
2311.15478
2311.15477
2311.15475
2311.15445
2311.15435
2311.15383
2311.15368
2311.15308
2311.15291
2311.15260
2311.15230
2311.15157
2311.15040
2311.15027
2311.14768
2311.14760
2311.14749
2311.14671
2311.14631
2311.14603
2311.14552
2311.14521
2311.14494
2311.14284
2311.14282
2311.14208
2311.14097
2311.14029
2311.13833
2311.13831
2311.13681
2311.13655
2311.13620
2311.13617
2311.13608
2311.13601
2311.13600
2311.13596
2311.13570
2311.13535
2311.13443
2311.13435
2311.13398
2311.13384
2311.13231
2311.13073
2311.12981
2311.12908
2311.12897
2311.12891
2311.12847
2311.12793
2311.12775
2311.12631
2311.12490
2311.12386
2311.12342
2311.12193
2311.12174
2311.12079
2311.12075
2311.12067
2311.12066
2311.12063
2311.12024
2311.11700
2311.11697
2311.11695
2311.11666
2311.11600
2311.11469
2311.11465
2311.11325
2311.11284
2311.11261
2311.11243
2311.11221
2311.11207
2311.10995
2311.10982
2311.10807
2311.10794
2311.10708
2311.10522
2311.10329
2311.10123
2311.10093
2311.10081
2311.09753
2311.09571
2311.09221
2311.09215
2311.09191
2311.08403
2311.08400
2311.08046
2311.07885
2311.07414
2311.06978
2311.06791
2311.06783
2311.06612
2311.06243
2311.06242
2311.05770
2311.05613
2311.05556
2311.05463
2311.04938
2311.04498
2311.04391
2311.04315
2311.04287
2311.04257
2311.04251
2311.04246
2311.04219
2311.04212
2311.04145
2311.03943
2311.03873
2311.03830
2311.03426
2311.03356
2311.03355
2311.03354
2311.03352
2311.03335
2311.03287
2311.03233
2311.03149
2311.03079
2311.02848
2311.02826
2311.02709
2311.02542
2311.02536
2311.02358
2311.02343
2311.01813
2311.01804
2311.01797
2311.01773
2311.01714
2311.01462
2311.01410
2311.01373
2311.01226
2311.01090
2311.01015
2311.00990
2311.00941
2311.00750
2311.00618
2311.00571
2311.00457
2311.00213
2311.00047
2310.20700
2310.20685
2310.20649
2310.20550
2310.20092
2310.19981
2310.19909
2310.19776
2310.19773
2310.19731
2310.19540
2310.19512
2310.19464
2310.19415
2310.19248
2310.19075
2310.18949
2310.18936
2310.18274
2310.17880
2310.17527
2310.17347
2310.17050
2310.16951
2310.16858
2310.16834
2310.16825
2310.16818
2310.16656
2310.16400
2310.16383
2310.16167
2310.16044
2310.16002
2310.15747
2310.15308
2310.15169
2310.15160
2310.15111
2310.15110
2310.15008
2310.14942
2310.14532
2310.14487
2310.14189
2310.14108
2310.13828
2310.13772
2310.13730
2310.13545
2310.13268
2310.13165
2310.13119
2310.13102
2310.12973
2310.12474
2310.12395
2310.12190
2310.12149
2310.12103
2310.11868
2310.11513
2310.11454
2310.11448
2310.11440
2310.10769
2310.10651
2310.10649
2310.10647
2310.10644
2310.10642
2310.10640
2310.10563
2310.10533
2310.10513
2310.10343
2310.10123
2310.09965
2310.09912
2310.09711
2310.09469
2310.09458
2310.09382
2310.09199
2310.08949
2310.08921
2310.08872
2310.08587
2310.08579
2310.08577
2310.08541
2310.08534
2310.08530
2310.08529
2310.08528
2310.08465
2310.08442
2310.08094
2310.08092
2310.07894
2310.07771
2310.07726
2310.07707
2310.07704
2310.07702
2310.07697
2310.07653
2310.07419
2310.07222
2310.07204
2310.06968
2310.06904
2310.06836
2310.06773
2310.06389
2310.06347
2310.06313
2310.06311
2310.06214
2310.05986
2310.05922
2310.05917
2310.05916
2310.05873
2310.05737
2310.05718
2310.05654
2310.05590
2310.05375
2310.05056
2310.04995
2310.04719
2310.04672
2310.04432
2310.04414
2310.03739
2310.03734
2310.03669
2310.03502
2310.03337
2310.03324
2310.03291
2310.03270
2310.03125
2310.03020
2310.03015
2310.02992
2310.02596
2310.02279
2310.02239
2310.01830
2310.01819
2310.01779
2310.01662
2310.01596
2310.01506
2310.01407
2310.01406
2310.01400
2310.01391
2310.01218
2310.01140
2310.01110
2310.01107
2310.01018
2310.00936
2310.00808
2310.00632
2310.00426
2310.00390
2310.00240
2310.00161
2310.00031
2309.17421
2309.17400
2309.17261
2309.17164
2309.17128
2309.17102
2309.17074
2309.16992
2309.16948
2309.16738
2309.16671
2309.16653
2309.16633
2309.16608
2309.16588
2309.16553
2309.16496
2309.16421
2309.16414
2309.16364
2309.16354
2309.16351
2309.16108
2309.15954
2309.15842
2309.15830
2309.15818
2309.15807
2309.15664
2309.15564
2309.15508
2309.15505
2309.15275
2309.15164
2309.15103
2309.15091
2309.14934
2309.14868
2309.14756
2309.14623
2309.14494
2309.14338
2309.14335
2309.14289
2309.14207
2309.14136
2309.14122
2309.14068
2309.14052
2309.13956
2309.13415
2309.13274
2309.13196
2309.13101
2309.13097
2309.13042
2309.13038
2309.12969
2309.12790
2309.12757
2309.12412
2309.11955
2309.11923
2309.11747
2309.11525
2309.11497
2309.11043
2309.11009
2309.10810
2309.10713
2309.10556
2309.10503
2309.10388
2309.10336
2309.10279
2309.10206
2309.09858
2309.09818
2309.09724
2309.09614
2309.09466
2309.09456
2309.09256
2309.08957
2309.08826
2309.08816
2309.08586
2309.08523
2309.08273
2309.08009
2309.07986
2309.07920
2309.07906
2309.07867
2309.07749
2309.07499
2309.07277
2309.07125
2309.06933
2309.06922
2309.06895
2309.06891
2309.06802
2309.06714
2309.06660
2309.06581
2309.06380
2309.06323
2309.06169
2309.06023
2309.05956
2309.05940
2309.05793
2309.05569
2309.05448
2309.05418
2309.05375
2309.05251
2309.05019
2309.04917
2309.04907
2309.04887
2309.04820
2309.04581
2309.04561
2309.04430
2309.04410
2309.04399
2309.04354
2309.04109
2309.03955
2309.03904
2309.03903
2309.03897
2309.03895
2309.03893
2309.03809
2309.03729
2309.03599
2309.03550
2309.03549
2309.03350
2309.03185
2309.03179
2309.03160
2309.03110
2309.02999
2309.02773
2309.02591
2309.02401
2309.02270
2309.02224
2309.02186
2309.02119
2309.02049
2309.01958
2309.01858
2309.01770
2309.01694
2309.01692
2309.01590
2309.01430
2309.01409
2309.01369
2309.01141
2309.00908
2309.00828
2309.00775
2309.00616
2309.00615
2309.00613
2309.00610
2309.00398
2309.00339
2309.00287
2309.00107
2309.00096
2309.00035
2308.16911
2308.16909
2308.16898
2308.16880
2308.16825
2308.16758
2308.16689
2308.16632
2308.16582
2308.16512
2308.16510
2308.16481
2308.16316
2308.16110
2308.15854
2308.15692
2308.15547
2308.15472
2308.15461
2308.15226
2308.15070
2308.15049
2308.14761
2308.14753
2308.14749
2308.14748
2308.14740
2308.14737
2308.14713
2308.14616
2308.14267
2308.14244
2308.14078
2308.13897
2308.13812
2308.13680
2308.13404
2308.13266
2308.13252
2308.13223
2308.13218
2308.13175
2308.13164
2308.13133
2308.12970
2308.12968
2308.12966
2308.12964
2308.12956
2308.12866
2308.12605
2308.12560
2308.12538
2308.12510
2308.12469
2308.12350
2308.12059
2308.11974
2308.11971
2308.11941
2308.11917
2308.11793
2308.11605
2308.11568
2308.11506
2308.11473
2308.11417
2308.11357
2308.11331
2308.11316
2308.11199
2308.11194
2308.11130
2308.11093
2308.11025
2308.10997
2308.10916
2308.10902
2308.10718
2308.10648
2308.10608
2308.10554
2308.10524
2308.10490
2308.10273
2308.10257
2308.10253
2308.10185
2308.10174
2308.10156
2308.10122
2308.10110
2308.10079
2308.10040
2308.10001
2308.09991
2308.09951
2308.09939
2308.09931
2308.09804
2308.09779
2308.09718
2308.09717
2308.09710
2308.09610
2308.09599
2308.09592
2308.09544
2308.09540
2308.09421
2308.09386
2308.09351
2308.09314
2308.09306
2308.09294
2308.09281
2308.09228
2308.09139
2308.09098
2308.09091
2308.08947
2308.08884
2308.08857
2308.08769
2308.08754
2308.08428
2308.08393
2308.08361
2308.08321
2308.08316
2308.08258
2308.08220
2308.08157
2308.08089
2308.07926
2308.07903
2308.07868
2308.07863
2308.07837
2308.07815
2308.07749
2308.07732
2308.07665
2308.07615
2308.07605
2308.07575
2308.07415
2308.07391
2308.07314
2308.07110
2308.07102
2308.07037
2308.07032
2308.07026
2308.06962
2308.06887
2308.06749
2308.06739
2308.06721
2308.06713
2308.06699
2308.06624
2308.06622
2308.06571
2308.06548
2308.06531
2308.06412
2308.06248
2308.06160
2308.06101
2308.06097
2308.06093
2308.06038
2308.06027
2308.06015
2308.05739
2308.05733
2308.05695
2308.05659
2308.05128
2308.05095
2308.04868
2308.04832
2308.04830
2308.04829
2308.04826
2308.04758
2308.04657
2308.04603
2308.04553
2308.04409
2308.04352
2308.04288
2308.04206
2308.04079
2308.03900
2308.03793
2308.03772
2308.03757
2308.03747
2308.03610
2308.03463
2308.03040
2308.02935
2308.02915
2308.02874
2308.02840
2308.02669
2308.02552
2308.02535
2308.02487
2308.02299
2308.02236
2308.02157
2308.02154
2308.02117
2308.02065
2308.01944
2308.01904
2308.01779
2308.01766
2308.01544
2308.01536
2308.01532
2308.01508
2308.01499
2308.01472
2308.01390
2308.01379
2308.01316
2308.01300
2308.01140
2308.01045
2308.00951
2308.00906
2308.00773
2308.00759
2308.00755
2308.00729
2308.00727
2308.00692
2308.00520
2308.00458
2308.00261
2308.00255
2308.00135
2307.16879
2307.16867
2307.16813
2307.16686
2307.16601
2307.16586
2307.16489
2307.16441
2307.16371
2307.16275
2307.16204
2307.16184
2307.16183
2307.16151
2307.16125
2307.15977
2307.15860
2307.15697
2307.15640
2307.15353
2307.15333
2307.15157
2307.15139
2307.15131
2307.15055
2307.15049
2307.15033
2307.14971
2307.14918
2307.14770
2307.14735
2307.14659
2307.14648
2307.14638
2307.14620
2307.14611
2307.14489
2307.14397
2307.14352
2307.14331
2307.14073
2307.14063
2307.14030
2307.13974
2307.13908
2307.13856
2307.13746
2307.13721
2307.13720
2307.13639
2307.13240
2307.13226
2307.12981
2307.12972
2307.12967
2307.12909
2307.12868
2307.12751
2307.12732
2307.12730
2307.12616
2307.12612
2307.12574
2307.12560
2307.12493
2307.12392
2307.12348
2307.12280
2307.12217
2307.12101
2307.12027
2307.11978
2307.11932
2307.11828
2307.11661
2307.11558
2307.11458
2307.11418
2307.11342
2307.11335
2307.11308
2307.11118
2307.11086
2307.11077
2307.11073
2307.11035
2307.10984
2307.10864
2307.10854
2307.10829
2307.10816
2307.10802
2307.10797
2307.10782
2307.10776
2307.10711
2307.10584
2307.10504
2307.10373
2307.10173
2307.10159
2307.09988
2307.09947
2307.09906
2307.09882
2307.09829
2307.09781
2307.09591
2307.09582
2307.09562
2307.09481
2307.09361
2307.09283
2307.09279
2307.09165
2307.09036
2307.08996
2307.08995
2307.08727
2307.08702
2307.08695
2307.08629
2307.08585
2307.08581
2307.08579
2307.08526
2307.08504
2307.08500
2307.08448
2307.08436
2307.08397
2307.08319
2307.08249
2307.08199
2307.08093
2307.08076
2307.08041
2307.08012
2307.07928
2307.07790
2307.07710
2307.07678
2307.07663
2307.07653
2307.07635
2307.07397
2307.06948
2307.06942
2307.06940
2307.06925
2307.06526
2307.06350
2307.06307
2307.06304
2307.06281
2307.05977
2307.05892
2307.05707
2307.05610
2307.05473
2307.05468
2307.05462
2307.05445
2307.05431
2307.05222
2307.05134
2307.05000
2307.04859
2307.04787
2307.04767
2307.04749
2307.04725
2307.04684
2307.04455
2307.04157
2307.04028
2307.03992
2307.03869
2307.03798
2307.03441
2307.03190
2307.03132
2307.03108
2307.02953
2307.02609
2307.02321
2307.01831
2307.01426
2307.01425
2307.01197
2307.01187
2307.00997
2307.00910
2307.00764
2307.00716
2307.00619
2307.00522
2307.00430
2307.00407
2307.00398
2307.00300
2307.00154
2307.00040
2307.00038
2306.17843
2306.17842
2306.17723
2306.17643
2306.17567
2306.17560
2306.17391
2306.17321
2306.17319
2306.17123
2306.17115
2306.16940
2306.16928
2306.16894
2306.16052
2306.15876
2306.15832
2306.15769
2306.15706
2306.15658
2306.15419
2306.15111
2306.14878
2306.14644
2306.14544
2306.14408
2306.14153
2306.14060
2306.13776
2306.13720
2306.13653
2306.13643
2306.13455
2306.13078
2306.12929
2306.12760
2306.12624
2306.12570
2306.12511
2306.12423
2306.12422
2306.12321
2306.11719
2306.11510
2306.11363
2306.11173
2306.10959
2306.10730
2306.10533
2306.10441
2306.10286
2306.10128
2306.10012
2306.09869
2306.09864
2306.09683
2306.09551
2306.09349
2306.09347
2306.09344
2306.09341
2306.09329
2306.09316
2306.09305
2306.09117
2306.09109
2306.08904
2306.08877
2306.08768
2306.08757
2306.08707
2306.08687
2306.08659
2306.08645
2306.08637
2306.08571
2306.08498
2306.08276
2306.08257
2306.08247
2306.08226
2306.08103
2306.08045
2306.07970
2306.07969
2306.07967
2306.07954
2306.07915
2306.07881
2306.07754
2306.07716
2306.07713
2306.07684
2306.07632
2306.07596
2306.07581
2306.07470
2306.07349
2306.07346
2306.07280
2306.07279
2306.07257
2306.07200
2306.07180
2306.06991
2306.06899
2306.06874
2306.06684
2306.06638
2306.06577
2306.06513
2306.06446
2306.06189
2306.06149
2306.06093
2306.06092
2306.05720
2306.05544
2306.05493
2306.05428
2306.05427
2306.05423
2306.05422
2306.05414
2306.05410
2306.05399
2306.05390
2306.05382
2306.05357
2306.05356
2306.05178
2306.04988
2306.04865
2306.04849
2306.04848
2306.04744
2306.04717
2306.04695
2306.04675
2306.04654
2306.04642
2306.04632
2306.04619
2306.04396
2306.04356
2306.04300
2306.04180
2306.04121
2306.03881
2306.03514
2306.03436
2306.03414
2306.03253
2306.03092
2306.02949
2306.02903
2306.02854
2306.02851
2306.02850
2306.02741
2306.02717
2306.02583
2306.02245
2306.02236
2306.02083
2306.02080
2306.02064
2306.02000
2306.01953
2306.01923
2306.01900
2306.01732
2306.01721
2306.01669
2306.01667
2306.01567
2306.01293
2306.01272
2306.00987
2306.00986
2306.00984
2306.00980
2306.00977
2306.00974
2306.00973
2306.00968
2306.00966
2306.00965
2306.00964
2306.00956
2306.00950
2306.00943
2306.00926
2306.00905
2306.00783
2306.00738
2306.00693
2306.00637
2306.00547
2306.00450
2306.00354
2306.00306
2306.00241
2306.00219
2306.00180
2305.20091
2305.20088
2305.20087
2305.20082
2305.20049
2305.20048
2305.19858
2305.19693
2305.19638
2305.19599
2305.19590
2305.19412
2305.19327
2305.19270
2305.19193
2305.19129
2305.19094
2305.19066
2305.19012
2305.18980
2305.18832
2305.18766
2305.18729
2305.18726
2305.18676
2305.18670
2305.18565
2305.18439
2305.18381
2305.18295
2305.18292
2305.18286
2305.18264
2305.18203
2305.18047
2305.18009
2305.17929
2305.17916
2305.17624
2305.17493
2305.17431
2305.17423
2305.17333
2305.17235
2305.17223
2305.17007
2305.16965
2305.16943
2305.16936
2305.16835
2305.16807
2305.16804
2305.16759
2305.16681
2305.16411
2305.16404
2305.16397
2305.16381
2305.16322
2305.16317
2305.16316
2305.16315
2305.16311
2305.16310
2305.16295
2305.16289
2305.16269
2305.16233
2305.16223
2305.16220
2305.16213
2305.16133
2305.15957
2305.15779
2305.15712
2305.15542
2305.15399
2305.15391
2305.15328
2305.15316
2305.15296
2305.15194
2305.15094
2305.14849
2305.14840
2305.14831
2305.14777
2305.14742
2305.14720
2305.14677
2305.14674
2305.14345
2305.14334
2305.14330
2305.14312
2305.14267
2305.14207
2305.14022
2305.13921
2305.13876
2305.13840
2305.13819
2305.13777
2305.13738
2305.13655
2305.13625
2305.13620
2305.13501
2305.13495
2305.13460
2305.13353
2305.13311
2305.13310
2305.13308
2305.13307
2305.13292
2305.13173
2305.13093
2305.13077
2305.13048
2305.13035
2305.12998
2305.12972
2305.12966
2305.12954
2305.12799
2305.12716
2305.12659
2305.12529
2305.12476
2305.12452
2305.12328
2305.12252
2305.11818
2305.11588
2305.11577
2305.11522
2305.11520
2305.11487
2305.11321
2305.11175
2305.11173
2305.11147
2305.11116
2305.11089
2305.11031
2305.10973
2305.10924
2305.10884
2305.10874
2305.10855
2305.10853
2305.10769
2305.10764
2305.10722
2305.10683
2305.10675
2305.10579
2305.10513
2305.10474
2305.10456
2305.10438
2305.10431
2305.10420
2305.10293
2305.10223
2305.10210
2305.10028
2305.09967
2305.09900
2305.09847
2305.09828
2305.09664
2305.09641
2305.08995
2305.08891
2305.08850
2305.08810
2305.08776
2305.08694
2305.08685
2305.08408
2305.08192
2305.07895
2305.07710
2305.07625
2305.07613
2305.07437
2305.07304
2305.07223
2305.07027
2305.07024
2305.07021
2305.07017
2305.07015
2305.07014
2305.07011
2305.06973
2305.06710
2305.06525
2305.06422
2305.06402
2305.06386
2305.06356
2305.06351
2305.05947
2305.05901
2305.05803
2305.05768
2305.05665
2305.05651
2305.05594
2305.05464
2305.05445
2305.05208
2305.05189
2305.04966
2305.04790
2305.04651
2305.04517
2305.04470
2305.04461
2305.04451
2305.04441
2305.04440
2305.04391
2305.04296
2305.04268
2305.04232
2305.04175
2305.04075
2305.03989
2305.03807
2305.03713
2305.03689
2305.03382
2305.03374
2305.03302
2305.03051
2305.03049
2305.03048
2305.03045
2305.03043
2305.03040
2305.03027
2305.02981
2305.02677
2305.02660
2305.02541
2305.02463
2305.02385
2305.02312
2305.02310
2305.02187
2305.01921
2305.01732
2305.01644
2305.01638
2305.01569
2305.01275
2305.01257
2305.01239
2305.01040
2305.00942
2305.00936
2305.00866
2305.00787
2305.00599
2305.00562
2305.00521
2305.00278
2305.00121
2305.00041
2304.14610
2304.14573
2304.14530
2304.14404
2304.14403
2304.14396
2304.14376
2304.14365
2304.14291
2304.14108
2304.14070
2304.14006
2304.14005
2304.13995
2304.13850
2304.13844
2304.13722
2304.13518
2304.13509
2304.13445
2304.13428
2304.13386
2304.13348
2304.13153
2304.13141
2304.13115
2304.13027
2304.12944
2304.12748
2304.12526
2304.12439
2304.12406
2304.12317
2304.12315
2304.12308
2304.12294
2304.12160
2304.12141
2304.11968
2304.11829
2304.11603
2304.11523
2304.11463
2304.11446
2304.11342
2304.11330
2304.11312
2304.11267
2304.11113
2304.10700
2304.10535
2304.10530
2304.10520
2304.10448
2304.10406
2304.10278
2304.10263
2304.10261
2304.10250
2304.10224
2304.10168
2304.10080
2304.09987
2304.09818
2304.09748
2304.09677
2304.09479
2304.09463
2304.09423
2304.09148
2304.08870
2304.08818
2304.08483
2304.08480
2304.08477
2304.08463
2304.08408
2304.08386
2304.08345
2304.08291
2304.08271
2304.08069
2304.07999
2304.07574
2304.07547
2304.07527
2304.07483
2304.07429
2304.07221
2304.07193
2304.07087
2304.07060
2304.07039
2304.06957
2304.06939
2304.06937
2304.06911
2304.06906
2304.06720
2304.06718
2304.06717
2304.06714
2304.06712
2304.06711
2304.06706
2304.06700
2304.06648
2304.06544
2304.06461
2304.06440
2304.06419
2304.06408
2304.06345
2304.06247
2304.06212
2304.06211
2304.06140
2304.06107
2304.06061
2304.06025
2304.06022
2304.06020
2304.05868
2304.05866
2304.05818
2304.05772
2304.05750
2304.05659
2304.05568
2304.05552
2304.05523
2304.05395
2304.05390
2304.05265
2304.05139
2304.05097
2304.05051
2304.04968
2304.04962
2304.04909
2304.04820
2304.04742
2304.04709
2304.04704
2304.04694
2304.04515
2304.04514
2304.04452
2304.04415
2304.04395
2304.04344
2304.04269
2304.04231
2304.03950
2304.03869
2304.03768
2304.03752
2304.03659
2304.03542
2304.03526
2304.03486
2304.03411
2304.03373
2304.03322
2304.03307
2304.03285
2304.03284
2304.03283
2304.03266
2304.03246
2304.03199
2304.03188
2304.03119
2304.02978
2304.02827
2304.02797
2304.02744
2304.02642
2304.02637
2304.02633
2304.02626
2304.02602
2304.02364
2304.02330
2304.02051
2304.02012
2304.01999
2304.01900
2304.01830
2304.01716
2304.01715
2304.01515
2304.01489
2304.01436
2304.01247
2304.01200
2304.01198
2304.01197
2304.01186
2304.01184
2304.01172
2304.01114
2304.00964
2304.00962
2304.00838
2304.00793
2304.00788
2304.00784
2304.00779
2304.00749
2304.00719
2304.00451
2304.00341
2304.00334
2304.00287
2304.00186
2304.00049
2303.18242
2303.18193
2303.18181
2303.18144
2303.18080
2303.17968
2303.17905
2303.17803
2303.17604
2303.17603
2303.17599
2303.17598
2303.17591
2303.17569
2303.17561
2303.17559
2303.17546
2303.17504
2303.17225
2303.17189
2303.17158
2303.17155
2303.17147
2303.17123
2303.17096
2303.17076
2303.16900
2303.16891
2303.16765
2303.16637
2303.16513
2303.16509
2303.16493
2303.16482
2303.16333
2303.16280
2303.16201
2303.16187
2303.15951
2303.15904
2303.15893
2303.15892
2303.15780
2303.15768
2303.15649
2303.15446
2303.15437
2303.15435
2303.15413
2303.15403
2303.15390
2303.15389
2303.15342
2303.15234
2303.15067
2303.15043
2303.15012
2303.14968
2303.14960
2303.14707
2303.14706
2303.14662
2303.14651
2303.14541
2303.14537
2303.14536
2303.14516
2303.14471
2303.14420
2303.14412
2303.14407
2303.14396
2303.14389
2303.14386
2303.14377
2303.14353
2303.14297
2303.14038
2303.13873
2303.13855
2303.13843
2303.13791
2303.13756
2303.13744
2303.13743
2303.13714
2303.13703
2303.13518
2303.13515
2303.13514
2303.13497
2303.13495
2303.13455
2303.13450
2303.13439
2303.13396
2303.13277
2303.13273
2303.13232
2303.13126
2303.13076
2303.13071
2303.13062
2303.13005
2303.12950
2303.12865
2303.12790
2303.12786
2303.12733
2303.12688
2303.12678
2303.12670
2303.12417
2303.12368
2303.12346
2303.12343
2303.12326
2303.12218
2303.12048
2303.11938
2303.11916
2303.11897
2303.11797
2303.11749
2303.11686
2303.11424
2303.11396
2303.11324
2303.11316
2303.11313
2303.11306
2303.11305
2303.11225
2303.11162
2303.11120
2303.11108
2303.11086
2303.11073
2303.11052
2303.10735
2303.10598
2303.10340
2303.10137
2303.10126
2303.10083
2303.10073
2303.09833
2303.09826
2303.09813
2303.09618
2303.09604
2303.09556
2303.09551
2303.09522
2303.09472
2303.09431
2303.09412
2303.09319
2303.09295
2303.09270
2303.09252
2303.09181
2303.09036
2303.08914
2303.08817
2303.08767
2303.08714
2303.08695
2303.08686
2303.08622
2303.08594
2303.08578
2303.08566
2303.08524
2303.08370
2303.08333
2303.08331
2303.08320
2303.08132
2303.08131
2303.08129
2303.08120
2303.08096
2303.08085
2303.08084
2303.08063
2303.07945
2303.07938
2303.07937
2303.07820
2303.07418
2303.07274
2303.07216
2303.06994
2303.06930
2303.06919
2303.06885
2303.06880
2303.06840
2303.06821
2303.06705
2303.06678
2303.06628
2303.06583
2303.06547
2303.06464
2303.06424
2303.06373
2303.06329
2303.06285
2303.05970
2303.05916
2303.05892
2303.05828
2303.05807
2303.05775
2303.05762
2303.05724
2303.05699
2303.05646
2303.05639
2303.05503
2303.05499
2303.05498
2303.05456
2303.05371
2303.05342
2303.05323
2303.05275
2303.05266
2303.05251
2303.05125
2303.05122
2303.05105
2303.05031
2303.05021
2303.04989
2303.04970
2303.04838
2303.04803
2303.04761
2303.04748
2303.04707
2303.04664
2303.04587
2303.04248
2303.04244
2303.04186
2303.04105
2303.04001
2303.03991
2303.03932
2303.03887
2303.03808
2303.03667
2303.03595
2303.03405
2303.03361
2303.03003
2303.02995
2303.02984
2303.02943
2303.02936
2303.02760
2303.02688
2303.02584
2303.02416
2303.02165
2303.02151
2303.02091
2303.02001
2303.01748
2303.01740
2303.01559
2303.01542
2303.01494
2303.01416
2303.01267
2303.01237
2303.01091
2303.01000
2303.00848
2303.00749
2303.00748
2303.00521
2303.00404
2303.00354
2303.00165
2303.00157
2303.00086
2302.14859
2302.14816
2302.14771
2302.14736
2302.14728
2302.14683
2302.14475
2302.14452
2302.14434
2302.14431
2302.14368
2302.14338
2302.14290
2302.14051
2302.14045
2302.14007
2302.13996
2302.13987
2302.13770
2302.13543
2302.13331
2302.13279
2302.13153
2302.12995
2302.12764
2302.12469
2302.12464
2302.12400
2302.12254
2302.12253
2302.12251
2302.12249
2302.12248
2302.12242
2302.12237
2302.12231
2302.12228
2302.12066
2302.11831
2302.11797
2302.11710
2302.11566
2302.11562
2302.11552
2302.11413
2302.11383
2302.11306
2302.11154
2302.11084
2302.10893
2302.10781
2302.10688
2302.10668
2302.10663
2302.10600
2302.10586
2302.10523
2302.10494
2302.10326
2302.10322
2302.10305
2302.10174
2302.10167
2302.09997
2302.09923
2302.09795
2302.09778
2302.09554
2302.09486
2302.09311
2302.09260
2302.09057
2302.08909
2302.08908
2302.08788
2302.08674
2302.08641
2302.08510
2302.08504
2302.08453
2302.08374
2302.08357
2302.08242
2302.08207
2302.08113
2302.08106
2302.08063
2302.07979
2302.07864
2302.07848
2302.07685
2302.07577
2302.07483
2302.07387
2302.07319
2302.07224
2302.07121
2302.06908
2302.06833
2302.06793
2302.06733
2302.06608
2302.06586
2302.06504
2302.06350
2302.06235
2302.06112
2302.05905
2302.05872
2302.05499
2302.05496
2302.05486
2302.05442
2302.05016
2302.04871
2302.04870
2302.04869
2302.04868
2302.04867
2302.04862
2302.04850
2302.04841
2302.04638
2302.04544
2302.04440
2302.04265
2302.04233
2302.03985
2302.03675
2302.03660
2302.03594
2302.03406
2302.03084
2302.03024
2302.03011
2302.02908
2302.02693
2302.02615
2302.02550
2302.02503
2302.02412
2302.02398
2302.02373
2302.02284
2302.02272
2302.02234
2302.02181
2302.02089
2302.02057
2302.01872
2302.01721
2302.01647
2302.01579
2302.01532
2302.01384
2302.01329
2302.01327
2302.01162
2302.01133
2302.01056
2302.00908
2302.00864
2302.00833
2302.00626
2302.00190
2301.13826
2301.13823
2301.13721
2301.13622
2301.13188
2301.13173
2301.13156
2301.12959
2301.12914
2301.12686
2301.12597
2301.12531
2301.12527
2301.12429
2301.12334
2301.12276
2301.12257
2301.12247
2301.12141
2301.12025
2301.11706
2301.11699
2301.11631
2301.11558
2301.11360
2301.11326
2301.11320
2301.11116
2301.10972
2301.10941
2301.10916
2301.10670
2301.10241
2301.09879
2301.09637
2301.09595
2301.09506
2301.09451
2301.09430
2301.09376
2301.09264
2301.09121
2301.09091
2301.08898
2301.08669
2301.08455
2301.08247
2301.07969
2301.07958
2301.07870
2301.07584
2301.07581
2301.07525
2301.07464
2301.07463
2301.07389
2301.07315
2301.07301
2301.07093
2301.07088
2301.06958
2301.06871
2301.06782
2301.06281
2301.06267
2301.06184
2301.06052
2301.06018
2301.06015
2301.05957
2301.05586
2301.05499
2301.05496
2301.05225
2301.05221
2301.05187
2301.05158
2301.05065
2301.04926
2301.04650
2301.04647
2301.04634
2301.04628
2301.04604
2301.04101
2301.04075
2301.03992
2301.03786
2301.03580
2301.03396
2301.03110
2301.02700
2301.02657
2301.02280
2301.02240
2301.02239
2301.02238
2301.01802
2301.01795
2301.01413
2301.01296
2301.01206
2301.01156
2301.01146
2301.00954
2301.00950
2301.00808
2301.00805
2301.00592
2301.00527
2301.00411
2301.00184
2301.00182
2301.00157
2301.00135